        0    1    2    3    4    5    6    7    8    9   10   11   12   13   14   15   16   17   18   19   20   21   22   23   24
GLY   -.9  3.0  3.0  3.0 -2.5 -1.0 -2.3 -2.5 -2.5   .0 -1.8   .0  -.8   .2   .8   .5  1.1  1.8  3.0  2.9  3.0  3.0  3.0  3.0  3.0
ALA   -.6  3.0  3.0  3.0  3.0   .8  3.0  3.0  3.0  2.3  3.0   .0  2.7 -1.3  1.5  1.4   .2   .1   .0   .2   .1  -.4   .0   .3   .0
SER   -.5  3.0  3.0  3.0  3.0 -1.1  1.6  3.0  3.0  3.5   .9 -1.1  1.3  -.5   .8   .0  -.4   .0   .0  -.1  -.2   .2   .2   .5   .4
CYS   2.1  3.0  3.0  3.0  3.0  3.0   .5  3.0  3.0   .7  3.0  1.3   .7   .6  -.2   .0   .3  -.1  -.3  -.4  -.4  -.5  -.5  -.4  -.1
VAL   1.1  3.0  3.0  3.0  3.8  1.7  1.7  1.8  3.0  1.1  3.0   .3  1.1  1.2   .1   .2   .4   .0   .2   .2   .0  -.3  -.5  -.5  -.5
THR    .2  3.0  3.0  3.0  2.1  -.2   .8  3.0  1.6  -.3   .4  -.3  -.2   .4  -.5  -.3  -.2  -.4  -.3  -.2  -.3   .0   .1   .1   .4
ILE   1.6  3.0  3.0  3.0  2.9  1.2  3.0  3.0  3.0   .9  1.4  1.6  1.1  1.2   .5   .5   .4   .4   .4   .1  -.1  -.2  -.4  -.7  -.7
PRO   -.7  3.0  3.0  3.0  1.5   .6  3.0  3.0  3.0  -.1  2.0  -.8   .4   .8  -.6  -.4   .1  -.1  -.1  -.1  -.1   .2   .2   .5   .8
MET   1.3  3.0  3.0  3.0  1.9  3.0  3.0  3.0  3.0   .2  3.0  1.3   .3   .7   .2   .4   .7   .1   .2   .1   .2   .0  -.4  -.5  -.7
ASP   -.1  3.0  3.0  3.0  1.1   .0  3.0  1.7  3.0  -.3  1.5  -.7  -.1   .1  -.4  -.4  -.1  -.3  -.4  -.1  -.1   .2   .1   .3   .7
ASN   -.2  3.0  3.0  3.0  1.2  -.6   .6  1.4  1.7  -.2   .5  -.6  -.2   .2  -.2  -.4   .0  -.3  -.3  -.3  -.1   .2   .5   .3   .6
LEU   1.4  3.0  3.0  3.0  2.9   .6  3.0  3.0  3.0   .7  1.8  1.6   .3  1.1   .4   .7   .7   .2   .0   .1  -.3  -.2  -.5  -.6  -.6
LYS   -.1 -2.4 -2.8  3.0  3.0   .2   .2  3.0  3.0 -1.1  -.9  2.3  -.8  -.5  -.4  -.5  -.8  -.3  -.3  -.1   .2   .1   .5   .8  1.7
GLU   -.1  3.0  3.0  3.0  1.6   .2  3.0  3.0  3.0  -.5  1.1  -.6  -.4   .5  -.6  -.5  -.3  -.4  -.2  -.2   .0   .3   .4   .4   .6
GLN    .3  3.0  3.0  3.0  1.3  -.6   .4  3.0  3.0  -.8  -.8   .5  -.5  -.2  -.5  -.1  -.4  -.2  -.4  -.1  -.1   .2   .1   .3   .7
ARG    .7 -1.5  3.0  3.0  3.0   .3   .5  3.0  3.0  -.4  -.7  3.2  -.7  -.1  -.2  -.3  -.6  -.3  -.1  -.4  -.3  -.3   .0   .3   .2
HIS    .4  3.0  3.0  3.0  2.6  3.0  3.0  3.0  3.0  -.6  3.0   .7   .2   .2   .0  -.3   .0  -.1  -.2  -.2  -.2  -.1  -.1  -.1   .1
PHE   1.7  -.9  3.0  3.0  3.0  1.2  3.0  3.0  3.0   .4   .4  3.0   .9  1.1   .6   .0   .7   .6   .7   .1   .1  -.3  -.4  -.6  -.8
TYR   2.0  3.0  3.0  3.0  3.2  1.4  3.0  3.0  2.6   .6  3.0  2.7   .6   .4   .5   .9   .4   .3   .3  -.1   .1  -.3  -.3  -.5  -.7
TRP   2.4  3.0  3.0  3.0  3.0  1.6  3.0  3.0  3.0   .7  3.0  3.0   .6  1.8   .6  1.6   .3   .6   .2   .3   .4   .1  -.2  -.4 -1.1
