0 0 6.000
0 1 6.000
0 2 6.000
0 3 6.000
0 4 6.000
0 5 6.000
0 6 6.000
0 7 6.000
0 8 6.000
0 9 6.000
0 10 6.000
0 11 6.000
0 12 6.000
0 13 6.000
0 14 6.000
0 15 6.000
0 16 6.000
0 17 6.000
0 18 6.000
0 19 6.000
0 20 6.000
0 21 6.000
0 22 6.000
0 23 6.000
0 24 6.000
0 25 6.000
0 26 6.000
0 27 6.000
0 28 6.000
0 29 6.000
0 30 6.000
0 31 6.000
0 32 6.000
0 33 6.000
0 34 6.000
0 35 6.000
0 36 6.000
0 37 6.000
0 38 6.000
0 39 6.000
0 40 6.000
0 41 6.000
0 42 6.000
0 43 6.000
0 44 6.000
0 45 6.000
0 46 6.000
0 47 6.000
0 48 6.000
0 49 6.000
0 50 6.000
0 51 6.000
0 52 6.000
0 53 6.000
0 54 6.000
0 55 6.000
0 56 6.000
0 57 6.000
0 58 6.000
0 59 6.000
0 60 6.000
0 61 5.421
0 62 5.421
0 63 6.000
0 64 6.000
0 65 6.000
0 66 6.000
0 67 6.000
0 68 6.000
0 69 6.000
0 70 6.000
0 71 6.000
0 72 6.000
0 73 6.000
0 74 6.000
0 75 6.000
0 76 6.000
0 77 6.000
0 78 6.000
0 79 6.000
0 80 6.000
0 81 6.000
0 82 6.000
0 83 6.000
0 84 6.000
0 85 6.000
0 86 6.000
0 87 6.000
0 88 6.000
0 89 6.000
0 90 6.000
0 91 6.000
0 92 6.000
0 93 6.000
0 94 6.000
0 95 6.000
0 96 6.000
0 97 6.000
0 98 6.000
0 99 6.000
1 0 6.000
1 1 6.000
1 2 6.000
1 3 6.000
1 4 5.421
1 5 6.000
1 6 6.000
1 7 6.000
1 8 6.000
1 9 6.000
1 10 6.000
1 11 6.000
1 12 6.000
1 13 6.000
1 14 6.000
1 15 6.000
1 16 6.000
1 17 6.000
1 18 6.000
1 19 6.000
1 20 6.000
1 21 6.000
1 22 6.000
1 23 6.000
1 24 6.000
1 25 6.000
1 26 6.000
1 27 6.000
1 28 6.000
1 29 6.000
1 30 6.000
1 31 6.000
1 32 6.000
1 33 6.000
1 34 6.000
1 35 6.000
1 36 6.000
1 37 6.000
1 38 6.000
1 39 6.000
1 40 6.000
1 41 6.000
1 42 6.000
1 43 6.000
1 44 6.000
1 45 6.000
1 46 6.000
1 47 6.000
1 48 6.000
1 49 6.000
1 50 6.000
1 51 6.000
1 52 6.000
1 53 6.000
1 54 5.421
1 55 5.421
1 56 5.421
1 57 6.000
1 58 6.000
1 59 4.728
1 60 5.421
1 61 4.728
1 62 5.421
1 63 5.421
1 64 6.000
1 65 6.000
1 66 5.421
1 67 6.000
1 68 6.000
1 69 6.000
1 70 6.000
1 71 6.000
1 72 6.000
1 73 6.000
1 74 6.000
1 75 6.000
1 76 6.000
1 77 6.000
1 78 6.000
1 79 6.000
1 80 6.000
1 81 6.000
1 82 6.000
1 83 6.000
1 84 6.000
1 85 6.000
1 86 6.000
1 87 6.000
1 88 6.000
1 89 6.000
1 90 6.000
1 91 6.000
1 92 6.000
1 93 6.000
1 94 6.000
1 95 6.000
1 96 6.000
1 97 6.000
1 98 6.000
1 99 6.000
2 0 6.000
2 1 6.000
2 2 6.000
2 3 6.000
2 4 5.421
2 5 5.421
2 6 6.000
2 7 6.000
2 8 6.000
2 9 6.000
2 10 6.000
2 11 5.421
2 12 6.000
2 13 6.000
2 14 6.000
2 15 6.000
2 16 6.000
2 17 5.421
2 18 6.000
2 19 6.000
2 20 5.421
2 21 5.421
2 22 4.322
2 23 6.000
2 24 6.000
2 25 6.000
2 26 6.000
2 27 6.000
2 28 6.000
2 29 6.000
2 30 6.000
2 31 6.000
2 32 6.000
2 33 6.000
2 34 6.000
2 35 6.000
2 36 6.000
2 37 6.000
2 38 6.000
2 39 6.000
2 40 6.000
2 41 6.000
2 42 6.000
2 43 6.000
2 44 6.000
2 45 6.000
2 46 6.000
2 47 6.000
2 48 6.000
2 49 6.000
2 50 6.000
2 51 6.000
2 52 6.000
2 53 5.421
2 54 4.728
2 55 6.000
2 56 6.000
2 57 5.421
2 58 6.000
2 59 3.629
2 60 3.629
2 61 5.421
2 62 4.322
2 63 5.421
2 64 4.322
2 65 6.000
2 66 5.421
2 67 6.000
2 68 5.421
2 69 6.000
2 70 6.000
2 71 4.728
2 72 6.000
2 73 6.000
2 74 6.000
2 75 6.000
2 76 6.000
2 77 6.000
2 78 6.000
2 79 6.000
2 80 6.000
2 81 6.000
2 82 6.000
2 83 6.000
2 84 6.000
2 85 6.000
2 86 6.000
2 87 6.000
2 88 6.000
2 89 6.000
2 90 6.000
2 91 6.000
2 92 6.000
2 93 6.000
2 94 6.000
2 95 6.000
2 96 6.000
2 97 6.000
2 98 6.000
2 99 6.000
3 0 6.000
3 1 6.000
3 2 6.000
3 3 6.000
3 4 6.000
3 5 4.728
3 6 6.000
3 7 6.000
3 8 6.000
3 9 5.421
3 10 5.421
3 11 6.000
3 12 5.421
3 13 6.000
3 14 6.000
3 15 6.000
3 16 5.421
3 17 4.728
3 18 6.000
3 19 5.421
3 20 4.728
3 21 4.728
3 22 5.421
3 23 5.421
3 24 5.421
3 25 6.000
3 26 6.000
3 27 6.000
3 28 6.000
3 29 6.000
3 30 6.000
3 31 6.000
3 32 6.000
3 33 6.000
3 34 6.000
3 35 6.000
3 36 6.000
3 37 6.000
3 38 6.000
3 39 6.000
3 40 6.000
3 41 6.000
3 42 6.000
3 43 6.000
3 44 6.000
3 45 6.000
3 46 6.000
3 47 6.000
3 48 6.000
3 49 6.000
3 50 6.000
3 51 6.000
3 52 6.000
3 53 6.000
3 54 5.421
3 55 6.000
3 56 4.728
3 57 4.322
3 58 5.421
3 59 4.322
3 60 3.475
3 61 3.629
3 62 3.341
3 63 5.421
3 64 4.034
3 65 4.728
3 66 4.322
3 67 4.322
3 68 6.000
3 69 6.000
3 70 4.322
3 71 6.000
3 72 6.000
3 73 4.728
3 74 6.000
3 75 6.000
3 76 6.000
3 77 6.000
3 78 6.000
3 79 6.000
3 80 6.000
3 81 6.000
3 82 6.000
3 83 6.000
3 84 6.000
3 85 6.000
3 86 6.000
3 87 6.000
3 88 6.000
3 89 6.000
3 90 6.000
3 91 6.000
3 92 6.000
3 93 6.000
3 94 6.000
3 95 6.000
3 96 6.000
3 97 6.000
3 98 6.000
3 99 6.000
4 0 6.000
4 1 6.000
4 2 6.000
4 3 6.000
4 4 6.000
4 5 6.000
4 6 5.421
4 7 5.421
4 8 4.728
4 9 4.728
4 10 4.728
4 11 5.421
4 12 5.421
4 13 5.421
4 14 6.000
4 15 5.421
4 16 6.000
4 17 6.000
4 18 6.000
4 19 6.000
4 20 4.034
4 21 3.629
4 22 4.728
4 23 3.629
4 24 3.811
4 25 4.322
4 26 6.000
4 27 6.000
4 28 6.000
4 29 6.000
4 30 6.000
4 31 6.000
4 32 6.000
4 33 6.000
4 34 6.000
4 35 6.000
4 36 6.000
4 37 6.000
4 38 6.000
4 39 6.000
4 40 6.000
4 41 6.000
4 42 6.000
4 43 6.000
4 44 6.000
4 45 6.000
4 46 6.000
4 47 6.000
4 48 6.000
4 49 6.000
4 50 6.000
4 51 6.000
4 52 6.000
4 53 5.421
4 54 6.000
4 55 4.322
4 56 3.811
4 57 4.034
4 58 3.475
4 59 3.224
4 60 3.629
4 61 2.713
4 62 3.341
4 63 2.856
4 64 3.341
4 65 4.034
4 66 2.856
4 67 3.224
4 68 4.322
4 69 5.421
4 70 5.421
4 71 4.034
4 72 4.728
4 73 4.034
4 74 5.421
4 75 4.728
4 76 6.000
4 77 6.000
4 78 6.000
4 79 6.000
4 80 6.000
4 81 6.000
4 82 6.000
4 83 6.000
4 84 6.000
4 85 6.000
4 86 6.000
4 87 6.000
4 88 6.000
4 89 6.000
4 90 6.000
4 91 6.000
4 92 6.000
4 93 6.000
4 94 6.000
4 95 6.000
4 96 6.000
4 97 6.000
4 98 6.000
4 99 6.000
5 0 6.000
5 1 6.000
5 2 6.000
5 3 6.000
5 4 4.728
5 5 5.421
5 6 4.322
5 7 4.728
5 8 3.475
5 9 4.322
5 10 3.629
5 11 4.034
5 12 4.034
5 13 4.322
5 14 3.811
5 15 4.034
5 16 4.728
5 17 3.811
5 18 4.322
5 19 4.034
5 20 3.224
5 21 2.243
5 22 1.865
5 23 1.732
5 24 1.571
5 25 2.202
5 26 2.476
5 27 4.034
5 28 6.000
5 29 6.000
5 30 6.000
5 31 6.000
5 32 6.000
5 33 6.000
5 34 6.000
5 35 6.000
5 36 6.000
5 37 6.000
5 38 6.000
5 39 6.000
5 40 6.000
5 41 6.000
5 42 6.000
5 43 6.000
5 44 6.000
5 45 6.000
5 46 6.000
5 47 6.000
5 48 6.000
5 49 6.000
5 50 6.000
5 51 6.000
5 52 6.000
5 53 6.000
5 54 4.728
5 55 3.475
5 56 2.202
5 57 1.732
5 58 1.810
5 59 1.783
5 60 1.683
5 61 1.509
5 62 1.294
5 63 1.509
5 64 2.530
5 65 2.782
5 66 3.341
5 67 3.341
5 68 3.341
5 69 3.811
5 70 3.629
5 71 4.034
5 72 3.629
5 73 3.224
5 74 3.811
5 75 3.341
5 76 3.629
5 77 6.000
5 78 6.000
5 79 6.000
5 80 6.000
5 81 6.000
5 82 6.000
5 83 6.000
5 84 6.000
5 85 6.000
5 86 6.000
5 87 6.000
5 88 6.000
5 89 6.000
5 90 6.000
5 91 6.000
5 92 6.000
5 93 6.000
5 94 6.000
5 95 6.000
5 96 6.000
5 97 6.000
5 98 6.000
5 99 6.000
6 0 6.000
6 1 6.000
6 2 6.000
6 3 6.000
6 4 4.322
6 5 4.322
6 6 4.322
6 7 2.330
6 8 2.125
6 9 1.810
6 10 1.894
6 11 1.987
6 12 2.285
6 13 2.476
6 14 2.648
6 15 3.118
6 16 3.341
6 17 3.475
6 18 2.648
6 19 2.053
6 20 1.103
6 21 0.397
6 22 0.000
6 23 0.000
6 24 0.000
6 25 0.000
6 26 0.000
6 27 0.352
6 28 2.376
6 29 6.000
6 30 6.000
6 31 6.000
6 32 6.000
6 33 6.000
6 34 6.000
6 35 6.000
6 36 6.000
6 37 6.000
6 38 6.000
6 39 6.000
6 40 6.000
6 41 6.000
6 42 6.000
6 43 6.000
6 44 6.000
6 45 6.000
6 46 6.000
6 47 6.000
6 48 6.000
6 49 6.000
6 50 6.000
6 51 6.000
6 52 5.421
6 53 4.728
6 54 4.034
6 55 2.202
6 56 0.055
6 57 0.000
6 58 0.000
6 59 0.000
6 60 0.000
6 61 0.000
6 62 0.000
6 63 0.174
6 64 1.090
6 65 1.637
6 66 1.637
6 67 2.163
6 68 2.243
6 69 2.376
6 70 1.955
6 71 2.020
6 72 1.987
6 73 1.865
6 74 2.202
6 75 1.894
6 76 1.987
6 77 1.924
6 78 3.475
6 79 6.000
6 80 6.000
6 81 6.000
6 82 6.000
6 83 6.000
6 84 6.000
6 85 6.000
6 86 6.000
6 87 6.000
6 88 6.000
6 89 6.000
6 90 6.000
6 91 6.000
6 92 6.000
6 93 6.000
6 94 6.000
6 95 6.000
6 96 6.000
6 97 6.000
6 98 6.000
6 99 6.000
7 0 6.000
7 1 6.000
7 2 6.000
7 3 5.421
7 4 6.000
7 5 5.421
7 6 3.629
7 7 1.757
7 8 0.767
7 9 0.397
7 10 0.592
7 11 0.609
7 12 0.693
7 13 1.216
7 14 1.509
7 15 2.125
7 16 2.476
7 17 1.987
7 18 1.592
7 19 0.523
7 20 0.000
7 21 0.000
7 22 0.000
7 23 0.000
7 24 0.000
7 25 0.000
7 26 0.000
7 27 0.000
7 28 0.000
7 29 1.529
7 30 6.000
7 31 6.000
7 32 6.000
7 33 6.000
7 34 6.000
7 35 6.000
7 36 6.000
7 37 6.000
7 38 6.000
7 39 6.000
7 40 6.000
7 41 6.000
7 42 6.000
7 43 6.000
7 44 6.000
7 45 6.000
7 46 6.000
7 47 6.000
7 48 6.000
7 49 6.000
7 50 6.000
7 51 6.000
7 52 6.000
7 53 3.475
7 54 2.588
7 55 1.732
7 56 0.000
7 57 0.000
7 58 0.000
7 59 0.000
7 60 0.000
7 61 0.000
7 62 0.000
7 63 0.000
7 64 0.327
7 65 0.776
7 66 0.867
7 67 1.026
7 68 1.039
7 69 0.899
7 70 0.729
7 71 0.584
7 72 0.384
7 73 0.625
7 74 0.729
7 75 0.592
7 76 0.538
7 77 0.256
7 78 0.720
7 79 3.224
7 80 6.000
7 81 6.000
7 82 6.000
7 83 6.000
7 84 6.000
7 85 6.000
7 86 6.000
7 87 6.000
7 88 6.000
7 89 6.000
7 90 6.000
7 91 6.000
7 92 6.000
7 93 6.000
7 94 6.000
7 95 6.000
7 96 6.000
7 97 6.000
7 98 6.000
7 99 6.000
8 0 6.000
8 1 6.000
8 2 6.000
8 3 5.421
8 4 5.421
8 5 6.000
8 6 4.034
8 7 2.285
8 8 0.867
8 9 0.211
8 10 0.088
8 11 0.430
8 12 0.584
8 13 1.064
8 14 1.343
8 15 1.201
8 16 1.757
8 17 1.924
8 18 0.943
8 19 0.088
8 20 0.000
8 21 0.000
8 22 0.000
8 23 0.000
8 24 0.000
8 25 0.000
8 26 0.000
8 27 0.000
8 28 0.000
8 29 0.000
8 30 1.571
8 31 6.000
8 32 6.000
8 33 6.000
8 34 6.000
8 35 6.000
8 36 6.000
8 37 6.000
8 38 6.000
8 39 6.000
8 40 6.000
8 41 6.000
8 42 6.000
8 43 6.000
8 44 6.000
8 45 6.000
8 46 6.000
8 47 6.000
8 48 6.000
8 49 6.000
8 50 6.000
8 51 6.000
8 52 6.000
8 53 4.728
8 54 3.475
8 55 1.955
8 56 0.000
8 57 0.000
8 58 0.000
8 59 0.000
8 60 0.000
8 61 0.000
8 62 0.000
8 63 0.000
8 64 0.000
8 65 0.256
8 66 0.437
8 67 0.377
8 68 0.222
8 69 0.190
8 70 0.158
8 71 0.009
8 72 0.000
8 73 0.009
8 74 0.333
8 75 0.384
8 76 0.148
8 77 0.000
8 78 0.000
8 79 0.262
8 80 2.476
8 81 6.000
8 82 6.000
8 83 6.000
8 84 6.000
8 85 6.000
8 86 6.000
8 87 6.000
8 88 6.000
8 89 6.000
8 90 6.000
8 91 6.000
8 92 6.000
8 93 6.000
8 94 6.000
8 95 6.000
8 96 6.000
8 97 6.000
8 98 6.000
8 99 6.000
9 0 6.000
9 1 6.000
9 2 6.000
9 3 5.421
9 4 5.421
9 5 4.728
9 6 4.728
9 7 3.224
9 8 2.089
9 9 1.571
9 10 1.077
9 11 1.614
9 12 1.550
9 13 1.837
9 14 1.592
9 15 2.053
9 16 1.924
9 17 1.360
9 18 1.262
9 19 0.384
9 20 0.018
9 21 0.384
9 22 0.333
9 23 0.303
9 24 0.000
9 25 0.000
9 26 0.000
9 27 0.000
9 28 0.000
9 29 0.000
9 30 0.000
9 31 1.924
9 32 6.000
9 33 6.000
9 34 6.000
9 35 6.000
9 36 6.000
9 37 6.000
9 38 6.000
9 39 6.000
9 40 6.000
9 41 6.000
9 42 6.000
9 43 6.000
9 44 6.000
9 45 6.000
9 46 6.000
9 47 6.000
9 48 6.000
9 49 6.000
9 50 6.000
9 51 6.000
9 52 6.000
9 53 5.421
9 54 4.322
9 55 2.330
9 56 0.417
9 57 0.000
9 58 0.000
9 59 0.000
9 60 0.000
9 61 0.000
9 62 0.000
9 63 0.000
9 64 0.267
9 65 0.390
9 66 0.267
9 67 0.309
9 68 0.291
9 69 0.206
9 70 0.132
9 71 0.179
9 72 0.222
9 73 0.333
9 74 0.806
9 75 0.720
9 76 0.377
9 77 0.617
9 78 0.000
9 79 0.000
9 80 0.339
9 81 2.648
9 82 6.000
9 83 6.000
9 84 6.000
9 85 6.000
9 86 6.000
9 87 6.000
9 88 6.000
9 89 6.000
9 90 6.000
9 91 6.000
9 92 6.000
9 93 6.000
9 94 6.000
9 95 6.000
9 96 6.000
9 97 6.000
9 98 6.000
9 99 6.000
10 0 6.000
10 1 6.000
10 2 5.421
10 3 6.000
10 4 6.000
10 5 6.000
10 6 5.421
10 7 3.811
10 8 3.629
10 9 3.811
10 10 2.936
10 11 3.023
10 12 2.648
10 13 2.936
10 14 2.285
10 15 2.376
10 16 2.202
10 17 1.571
10 18 1.103
10 19 1.039
10 20 0.659
10 21 0.888
10 22 0.955
10 23 0.546
10 24 0.430
10 25 0.112
10 26 0.000
10 27 0.000
10 28 0.000
10 29 0.000
10 30 0.000
10 31 0.000
10 32 1.470
10 33 6.000
10 34 6.000
10 35 6.000
10 36 6.000
10 37 6.000
10 38 6.000
10 39 6.000
10 40 6.000
10 41 6.000
10 42 6.000
10 43 6.000
10 44 6.000
10 45 6.000
10 46 6.000
10 47 6.000
10 48 6.000
10 49 6.000
10 50 6.000
10 51 6.000
10 52 6.000
10 53 6.000
10 54 6.000
10 55 3.341
10 56 1.637
10 57 0.538
10 58 0.000
10 59 0.000
10 60 0.000
10 61 0.000
10 62 0.000
10 63 0.184
10 64 0.465
10 65 0.877
10 66 0.816
10 67 0.990
10 68 0.625
10 69 0.826
10 70 0.816
10 71 0.676
10 72 0.776
10 73 0.739
10 74 0.856
10 75 0.776
10 76 0.720
10 77 0.739
10 78 0.693
10 79 0.098
10 80 0.000
10 81 0.856
10 82 3.341
10 83 6.000
10 84 6.000
10 85 6.000
10 86 6.000
10 87 6.000
10 88 6.000
10 89 6.000
10 90 6.000
10 91 6.000
10 92 6.000
10 93 6.000
10 94 6.000
10 95 6.000
10 96 6.000
10 97 6.000
10 98 6.000
10 99 6.000
11 0 6.000
11 1 6.000
11 2 6.000
11 3 6.000
11 4 6.000
11 5 6.000
11 6 6.000
11 7 5.421
11 8 4.322
11 9 3.629
11 10 3.118
11 11 3.475
11 12 2.530
11 13 3.475
11 14 3.811
11 15 3.224
11 16 2.648
11 17 2.202
11 18 1.924
11 19 1.231
11 20 1.014
11 21 0.966
11 22 0.702
11 23 0.228
11 24 0.000
11 25 0.000
11 26 0.000
11 27 0.000
11 28 0.000
11 29 0.000
11 30 0.000
11 31 0.000
11 32 0.000
11 33 1.810
11 34 6.000
11 35 6.000
11 36 6.000
11 37 6.000
11 38 6.000
11 39 6.000
11 40 6.000
11 41 6.000
11 42 6.000
11 43 6.000
11 44 6.000
11 45 6.000
11 46 6.000
11 47 6.000
11 48 6.000
11 49 6.000
11 50 6.000
11 51 6.000
11 52 6.000
11 53 6.000
11 54 6.000
11 55 5.421
11 56 3.629
11 57 2.089
11 58 1.246
11 59 0.625
11 60 0.098
11 61 0.000
11 62 0.000
11 63 0.174
11 64 0.530
11 65 0.609
11 66 0.899
11 67 0.867
11 68 1.117
11 69 1.014
11 70 0.877
11 71 0.584
11 72 0.515
11 73 0.291
11 74 0.045
11 75 0.093
11 76 0.000
11 77 0.000
11 78 0.000
11 79 0.403
11 80 0.222
11 81 0.508
11 82 1.246
11 83 3.475
11 84 6.000
11 85 6.000
11 86 6.000
11 87 6.000
11 88 6.000
11 89 6.000
11 90 6.000
11 91 6.000
11 92 6.000
11 93 6.000
11 94 6.000
11 95 6.000
11 96 6.000
11 97 6.000
11 98 6.000
11 99 6.000
12 0 6.000
12 1 6.000
12 2 6.000
12 3 6.000
12 4 6.000
12 5 6.000
12 6 6.000
12 7 5.421
12 8 6.000
12 9 3.629
12 10 3.811
12 11 3.224
12 12 3.475
12 13 2.713
12 14 3.475
12 15 3.118
12 16 3.629
12 17 3.118
12 18 2.648
12 19 1.955
12 20 1.955
12 21 1.310
12 22 0.867
12 23 0.465
12 24 0.000
12 25 0.000
12 26 0.000
12 27 0.000
12 28 0.000
12 29 0.000
12 30 0.000
12 31 0.000
12 32 0.000
12 33 0.000
12 34 1.432
12 35 6.000
12 36 6.000
12 37 6.000
12 38 6.000
12 39 6.000
12 40 6.000
12 41 6.000
12 42 6.000
12 43 6.000
12 44 6.000
12 45 6.000
12 46 6.000
12 47 6.000
12 48 6.000
12 49 6.000
12 50 6.000
12 51 6.000
12 52 6.000
12 53 6.000
12 54 6.000
12 55 6.000
12 56 4.322
12 57 5.421
12 58 3.475
12 59 2.476
12 60 1.637
12 61 1.117
12 62 0.600
12 63 0.479
12 64 0.702
12 65 0.609
12 66 1.039
12 67 0.943
12 68 0.955
12 69 0.867
12 70 0.786
12 71 0.494
12 72 0.309
12 73 0.000
12 74 0.000
12 75 0.000
12 76 0.000
12 77 0.000
12 78 0.000
12 79 0.000
12 80 0.365
12 81 0.633
12 82 0.921
12 83 1.201
12 84 3.341
12 85 6.000
12 86 6.000
12 87 6.000
12 88 6.000
12 89 6.000
12 90 6.000
12 91 6.000
12 92 6.000
12 93 6.000
12 94 6.000
12 95 6.000
12 96 6.000
12 97 6.000
12 98 6.000
12 99 6.000
13 0 6.000
13 1 6.000
13 2 5.421
13 3 6.000
13 4 6.000
13 5 6.000
13 6 6.000
13 7 6.000
13 8 6.000
13 9 4.728
13 10 4.034
13 11 5.421
13 12 3.341
13 13 3.224
13 14 2.936
13 15 2.856
13 16 3.475
13 17 3.224
13 18 3.475
13 19 3.118
13 20 2.163
13 21 2.163
13 22 1.865
13 23 1.378
13 24 0.990
13 25 0.530
13 26 0.112
13 27 0.000
13 28 0.000
13 29 0.000
13 30 0.000
13 31 0.000
13 32 0.000
13 33 0.000
13 34 0.000
13 35 1.660
13 36 6.000
13 37 6.000
13 38 6.000
13 39 6.000
13 40 6.000
13 41 6.000
13 42 6.000
13 43 6.000
13 44 6.000
13 45 6.000
13 46 6.000
13 47 6.000
13 48 6.000
13 49 6.000
13 50 6.000
13 51 6.000
13 52 6.000
13 53 6.000
13 54 6.000
13 55 6.000
13 56 6.000
13 57 5.421
13 58 5.421
13 59 4.728
13 60 3.629
13 61 2.782
13 62 2.020
13 63 1.262
13 64 1.051
13 65 0.899
13 66 1.130
13 67 0.978
13 68 0.943
13 69 0.561
13 70 0.472
13 71 0.132
13 72 0.018
13 73 0.000
13 74 0.000
13 75 0.000
13 76 0.000
13 77 0.000
13 78 0.000
13 79 0.000
13 80 0.371
13 81 0.515
13 82 0.458
13 83 0.410
13 84 0.776
13 85 3.341
13 86 6.000
13 87 6.000
13 88 6.000
13 89 6.000
13 90 6.000
13 91 6.000
13 92 6.000
13 93 6.000
13 94 6.000
13 95 6.000
13 96 6.000
13 97 6.000
13 98 6.000
13 99 6.000
14 0 6.000
14 1 6.000
14 2 6.000
14 3 6.000
14 4 6.000
14 5 6.000
14 6 6.000
14 7 6.000
14 8 6.000
14 9 6.000
14 10 6.000
14 11 5.421
14 12 4.322
14 13 3.224
14 14 3.629
14 15 2.936
14 16 3.811
14 17 2.648
14 18 3.341
14 19 3.023
14 20 3.023
14 21 2.330
14 22 2.202
14 23 1.783
14 24 1.732
14 25 1.090
14 26 0.899
14 27 0.451
14 28 0.078
14 29 0.000
14 30 0.000
14 31 0.000
14 32 0.000
14 33 0.000
14 34 0.000
14 35 0.000
14 36 1.987
14 37 6.000
14 38 6.000
14 39 6.000
14 40 6.000
14 41 6.000
14 42 6.000
14 43 6.000
14 44 6.000
14 45 6.000
14 46 6.000
14 47 6.000
14 48 6.000
14 49 6.000
14 50 6.000
14 51 6.000
14 52 6.000
14 53 6.000
14 54 6.000
14 55 6.000
14 56 6.000
14 57 6.000
14 58 6.000
14 59 6.000
14 60 5.421
14 61 3.475
14 62 2.530
14 63 1.757
14 64 0.899
14 65 0.836
14 66 0.767
14 67 0.584
14 68 0.523
14 69 0.315
14 70 0.365
14 71 0.138
14 72 0.153
14 73 0.000
14 74 0.000
14 75 0.000
14 76 0.000
14 77 0.000
14 78 0.000
14 79 0.000
14 80 0.609
14 81 0.625
14 82 0.143
14 83 0.000
14 84 0.000
14 85 0.410
14 86 3.023
14 87 6.000
14 88 6.000
14 89 6.000
14 90 6.000
14 91 6.000
14 92 6.000
14 93 6.000
14 94 6.000
14 95 6.000
14 96 6.000
14 97 6.000
14 98 6.000
14 99 6.000
15 0 6.000
15 1 6.000
15 2 6.000
15 3 6.000
15 4 6.000
15 5 6.000
15 6 6.000
15 7 6.000
15 8 6.000
15 9 6.000
15 10 6.000
15 11 6.000
15 12 4.728
15 13 4.728
15 14 3.023
15 15 2.376
15 16 1.865
15 17 1.571
15 18 1.707
15 19 1.955
15 20 1.783
15 21 2.285
15 22 1.894
15 23 1.637
15 24 1.592
15 25 1.360
15 26 1.343
15 27 1.051
15 28 1.144
15 29 1.326
15 30 0.501
15 31 0.000
15 32 0.000
15 33 0.000
15 34 0.000
15 35 0.000
15 36 0.000
15 37 2.330
15 38 6.000
15 39 6.000
15 40 6.000
15 41 6.000
15 42 6.000
15 43 6.000
15 44 6.000
15 45 6.000
15 46 6.000
15 47 6.000
15 48 6.000
15 49 6.000
15 50 6.000
15 51 6.000
15 52 6.000
15 53 6.000
15 54 6.000
15 55 6.000
15 56 6.000
15 57 6.000
15 58 6.000
15 59 6.000
15 60 5.421
15 61 6.000
15 62 4.034
15 63 3.341
15 64 2.089
15 65 0.910
15 66 0.437
15 67 0.078
15 68 0.000
15 69 0.000
15 70 0.000
15 71 0.000
15 72 0.000
15 73 0.000
15 74 0.000
15 75 0.000
15 76 0.000
15 77 0.000
15 78 0.138
15 79 0.508
15 80 0.609
15 81 0.365
15 82 0.000
15 83 0.000
15 84 0.000
15 85 0.000
15 86 0.000
15 87 2.936
15 88 6.000
15 89 6.000
15 90 6.000
15 91 6.000
15 92 6.000
15 93 6.000
15 94 6.000
15 95 6.000
15 96 6.000
15 97 6.000
15 98 6.000
15 99 6.000
16 0 6.000
16 1 6.000
16 2 6.000
16 3 6.000
16 4 6.000
16 5 6.000
16 6 6.000
16 7 6.000
16 8 6.000
16 9 6.000
16 10 6.000
16 11 6.000
16 12 6.000
16 13 6.000
16 14 5.421
16 15 3.224
16 16 2.530
16 17 1.262
16 18 1.090
16 19 0.757
16 20 0.377
16 21 0.458
16 22 0.650
16 23 0.600
16 24 1.144
16 25 1.395
16 26 1.450
16 27 1.987
16 28 2.125
16 29 2.376
16 30 1.810
16 31 1.450
16 32 0.650
16 33 0.093
16 34 0.000
16 35 0.000
16 36 0.000
16 37 0.633
16 38 5.421
16 39 6.000
16 40 6.000
16 41 6.000
16 42 6.000
16 43 6.000
16 44 6.000
16 45 6.000
16 46 6.000
16 47 6.000
16 48 6.000
16 49 6.000
16 50 6.000
16 51 6.000
16 52 6.000
16 53 6.000
16 54 6.000
16 55 6.000
16 56 6.000
16 57 6.000
16 58 6.000
16 59 6.000
16 60 6.000
16 61 6.000
16 62 6.000
16 63 6.000
16 64 4.728
16 65 3.475
16 66 2.376
16 67 1.231
16 68 0.515
16 69 0.262
16 70 0.000
16 71 0.000
16 72 0.000
16 73 0.018
16 74 0.122
16 75 0.200
16 76 0.553
16 77 0.711
16 78 0.921
16 79 0.978
16 80 0.856
16 81 0.138
16 82 0.000
16 83 0.000
16 84 0.000
16 85 0.000
16 86 0.000
16 87 0.711
16 88 5.421
16 89 6.000
16 90 6.000
16 91 6.000
16 92 6.000
16 93 6.000
16 94 6.000
16 95 6.000
16 96 6.000
16 97 6.000
16 98 6.000
16 99 6.000
17 0 6.000
17 1 6.000
17 2 6.000
17 3 6.000
17 4 6.000
17 5 6.000
17 6 6.000
17 7 6.000
17 8 6.000
17 9 6.000
17 10 6.000
17 11 6.000
17 12 6.000
17 13 6.000
17 14 6.000
17 15 6.000
17 16 6.000
17 17 6.000
17 18 6.000
17 19 4.322
17 20 2.588
17 21 2.588
17 22 2.163
17 23 1.783
17 24 1.783
17 25 2.330
17 26 3.023
17 27 3.118
17 28 3.118
17 29 3.811
17 30 3.629
17 31 3.475
17 32 4.034
17 33 4.322
17 34 3.023
17 35 2.588
17 36 2.330
17 37 3.224
17 38 5.421
17 39 6.000
17 40 6.000
17 41 6.000
17 42 6.000
17 43 6.000
17 44 6.000
17 45 6.000
17 46 6.000
17 47 6.000
17 48 6.000
17 49 6.000
17 50 6.000
17 51 6.000
17 52 6.000
17 53 6.000
17 54 6.000
17 55 6.000
17 56 6.000
17 57 6.000
17 58 6.000
17 59 6.000
17 60 6.000
17 61 6.000
17 62 6.000
17 63 6.000
17 64 6.000
17 65 6.000
17 66 6.000
17 67 6.000
17 68 4.322
17 69 4.034
17 70 3.118
17 71 2.588
17 72 2.243
17 73 2.163
17 74 2.425
17 75 2.530
17 76 2.530
17 77 3.629
17 78 3.118
17 79 2.648
17 80 2.243
17 81 1.987
17 82 1.489
17 83 1.172
17 84 1.187
17 85 1.310
17 86 1.683
17 87 2.782
17 88 4.728
17 89 6.000
17 90 6.000
17 91 6.000
17 92 6.000
17 93 6.000
17 94 6.000
17 95 6.000
17 96 6.000
17 97 6.000
17 98 6.000
17 99 6.000
18 0 6.000
18 1 6.000
18 2 6.000
18 3 6.000
18 4 6.000
18 5 6.000
18 6 6.000
18 7 6.000
18 8 6.000
18 9 6.000
18 10 6.000
18 11 6.000
18 12 6.000
18 13 6.000
18 14 6.000
18 15 6.000
18 16 6.000
18 17 6.000
18 18 6.000
18 19 6.000
18 20 6.000
18 21 6.000
18 22 6.000
18 23 6.000
18 24 6.000
18 25 6.000
18 26 6.000
18 27 6.000
18 28 6.000
18 29 6.000
18 30 6.000
18 31 6.000
18 32 5.421
18 33 6.000
18 34 6.000
18 35 5.421
18 36 6.000
18 37 6.000
18 38 6.000
18 39 6.000
18 40 6.000
18 41 6.000
18 42 6.000
18 43 6.000
18 44 6.000
18 45 6.000
18 46 6.000
18 47 6.000
18 48 6.000
18 49 6.000
18 50 6.000
18 51 6.000
18 52 6.000
18 53 6.000
18 54 6.000
18 55 6.000
18 56 6.000
18 57 6.000
18 58 6.000
18 59 6.000
18 60 6.000
18 61 6.000
18 62 6.000
18 63 6.000
18 64 6.000
18 65 6.000
18 66 6.000
18 67 6.000
18 68 6.000
18 69 6.000
18 70 6.000
18 71 6.000
18 72 6.000
18 73 6.000
18 74 5.421
18 75 6.000
18 76 5.421
18 77 6.000
18 78 5.421
18 79 6.000
18 80 5.421
18 81 6.000
18 82 6.000
18 83 5.421
18 84 5.421
18 85 6.000
18 86 5.421
18 87 6.000
18 88 6.000
18 89 6.000
18 90 6.000
18 91 6.000
18 92 6.000
18 93 6.000
18 94 6.000
18 95 6.000
18 96 6.000
18 97 6.000
18 98 6.000
18 99 6.000
19 0 6.000
19 1 6.000
19 2 6.000
19 3 6.000
19 4 6.000
19 5 6.000
19 6 6.000
19 7 6.000
19 8 6.000
19 9 6.000
19 10 6.000
19 11 6.000
19 12 6.000
19 13 6.000
19 14 6.000
19 15 6.000
19 16 6.000
19 17 6.000
19 18 6.000
19 19 6.000
19 20 6.000
19 21 6.000
19 22 6.000
19 23 6.000
19 24 6.000
19 25 6.000
19 26 6.000
19 27 6.000
19 28 6.000
19 29 6.000
19 30 6.000
19 31 6.000
19 32 6.000
19 33 6.000
19 34 6.000
19 35 6.000
19 36 6.000
19 37 6.000
19 38 6.000
19 39 6.000
19 40 6.000
19 41 6.000
19 42 6.000
19 43 6.000
19 44 6.000
19 45 6.000
19 46 6.000
19 47 6.000
19 48 6.000
19 49 6.000
19 50 6.000
19 51 6.000
19 52 6.000
19 53 6.000
19 54 6.000
19 55 6.000
19 56 6.000
19 57 6.000
19 58 6.000
19 59 6.000
19 60 6.000
19 61 6.000
19 62 6.000
19 63 6.000
19 64 6.000
19 65 6.000
19 66 6.000
19 67 6.000
19 68 6.000
19 69 6.000
19 70 6.000
19 71 6.000
19 72 6.000
19 73 6.000
19 74 6.000
19 75 6.000
19 76 6.000
19 77 6.000
19 78 6.000
19 79 6.000
19 80 5.421
19 81 6.000
19 82 6.000
19 83 6.000
19 84 6.000
19 85 6.000
19 86 5.421
19 87 6.000
19 88 6.000
19 89 6.000
19 90 6.000
19 91 6.000
19 92 6.000
19 93 6.000
19 94 6.000
19 95 6.000
19 96 6.000
19 97 6.000
19 98 6.000
19 99 6.000
