0 0 6.000
0 1 6.000
0 2 5.495
0 3 6.000
0 4 6.000
0 5 6.000
0 6 6.000
0 7 6.000
0 8 6.000
0 9 6.000
0 10 6.000
0 11 6.000
0 12 6.000
0 13 6.000
0 14 6.000
0 15 6.000
0 16 6.000
0 17 6.000
0 18 6.000
0 19 6.000
0 20 5.495
0 21 6.000
0 22 6.000
0 23 6.000
0 24 6.000
0 25 6.000
0 26 6.000
0 27 6.000
0 28 6.000
0 29 6.000
0 30 6.000
0 31 6.000
0 32 6.000
0 33 6.000
0 34 6.000
0 35 6.000
0 36 6.000
0 37 6.000
0 38 6.000
0 39 6.000
0 40 6.000
0 41 6.000
0 42 6.000
0 43 6.000
0 44 6.000
0 45 6.000
0 46 6.000
0 47 6.000
0 48 6.000
0 49 6.000
0 50 6.000
0 51 6.000
0 52 6.000
0 53 6.000
0 54 6.000
0 55 6.000
0 56 6.000
0 57 6.000
0 58 6.000
0 59 6.000
0 60 6.000
0 61 6.000
0 62 6.000
0 63 6.000
0 64 6.000
0 65 6.000
0 66 6.000
0 67 6.000
0 68 6.000
0 69 6.000
0 70 6.000
0 71 6.000
0 72 6.000
0 73 6.000
0 74 6.000
0 75 6.000
0 76 6.000
0 77 6.000
0 78 6.000
0 79 6.000
0 80 6.000
0 81 6.000
0 82 6.000
0 83 6.000
0 84 6.000
0 85 6.000
0 86 6.000
0 87 6.000
0 88 6.000
0 89 6.000
0 90 6.000
0 91 6.000
0 92 6.000
0 93 6.000
0 94 6.000
0 95 6.000
0 96 6.000
0 97 6.000
0 98 6.000
0 99 6.000
1 0 6.000
1 1 6.000
1 2 6.000
1 3 6.000
1 4 6.000
1 5 6.000
1 6 6.000
1 7 6.000
1 8 6.000
1 9 6.000
1 10 6.000
1 11 6.000
1 12 5.495
1 13 6.000
1 14 6.000
1 15 6.000
1 16 6.000
1 17 6.000
1 18 6.000
1 19 6.000
1 20 4.396
1 21 5.495
1 22 6.000
1 23 6.000
1 24 6.000
1 25 6.000
1 26 6.000
1 27 6.000
1 28 6.000
1 29 6.000
1 30 6.000
1 31 6.000
1 32 6.000
1 33 6.000
1 34 6.000
1 35 6.000
1 36 6.000
1 37 6.000
1 38 6.000
1 39 6.000
1 40 6.000
1 41 6.000
1 42 6.000
1 43 6.000
1 44 6.000
1 45 6.000
1 46 6.000
1 47 6.000
1 48 6.000
1 49 6.000
1 50 6.000
1 51 6.000
1 52 6.000
1 53 6.000
1 54 6.000
1 55 6.000
1 56 6.000
1 57 6.000
1 58 6.000
1 59 6.000
1 60 6.000
1 61 6.000
1 62 5.495
1 63 6.000
1 64 5.495
1 65 6.000
1 66 5.495
1 67 6.000
1 68 6.000
1 69 6.000
1 70 5.495
1 71 4.801
1 72 5.495
1 73 6.000
1 74 6.000
1 75 6.000
1 76 6.000
1 77 6.000
1 78 6.000
1 79 6.000
1 80 6.000
1 81 6.000
1 82 6.000
1 83 6.000
1 84 6.000
1 85 6.000
1 86 6.000
1 87 6.000
1 88 6.000
1 89 6.000
1 90 6.000
1 91 6.000
1 92 6.000
1 93 6.000
1 94 6.000
1 95 6.000
1 96 6.000
1 97 6.000
1 98 6.000
1 99 6.000
2 0 6.000
2 1 6.000
2 2 6.000
2 3 5.495
2 4 5.495
2 5 6.000
2 6 6.000
2 7 6.000
2 8 6.000
2 9 6.000
2 10 6.000
2 11 6.000
2 12 5.495
2 13 6.000
2 14 6.000
2 15 6.000
2 16 4.801
2 17 6.000
2 18 6.000
2 19 4.396
2 20 4.396
2 21 5.495
2 22 3.885
2 23 3.885
2 24 5.495
2 25 6.000
2 26 6.000
2 27 6.000
2 28 6.000
2 29 6.000
2 30 6.000
2 31 6.000
2 32 6.000
2 33 6.000
2 34 6.000
2 35 6.000
2 36 6.000
2 37 6.000
2 38 6.000
2 39 6.000
2 40 6.000
2 41 6.000
2 42 6.000
2 43 6.000
2 44 6.000
2 45 6.000
2 46 6.000
2 47 6.000
2 48 6.000
2 49 6.000
2 50 6.000
2 51 6.000
2 52 6.000
2 53 5.495
2 54 6.000
2 55 6.000
2 56 5.495
2 57 5.495
2 58 6.000
2 59 6.000
2 60 6.000
2 61 5.495
2 62 6.000
2 63 4.396
2 64 5.495
2 65 6.000
2 66 6.000
2 67 5.495
2 68 4.396
2 69 6.000
2 70 5.495
2 71 5.495
2 72 6.000
2 73 6.000
2 74 5.495
2 75 6.000
2 76 6.000
2 77 6.000
2 78 6.000
2 79 6.000
2 80 6.000
2 81 6.000
2 82 6.000
2 83 6.000
2 84 6.000
2 85 6.000
2 86 6.000
2 87 6.000
2 88 6.000
2 89 6.000
2 90 6.000
2 91 6.000
2 92 6.000
2 93 6.000
2 94 6.000
2 95 6.000
2 96 6.000
2 97 6.000
2 98 6.000
2 99 6.000
3 0 6.000
3 1 6.000
3 2 5.495
3 3 5.495
3 4 5.495
3 5 5.495
3 6 6.000
3 7 5.495
3 8 6.000
3 9 6.000
3 10 6.000
3 11 6.000
3 12 6.000
3 13 6.000
3 14 6.000
3 15 6.000
3 16 5.495
3 17 6.000
3 18 5.495
3 19 5.495
3 20 4.108
3 21 4.108
3 22 4.396
3 23 3.703
3 24 4.801
3 25 6.000
3 26 6.000
3 27 6.000
3 28 6.000
3 29 6.000
3 30 6.000
3 31 6.000
3 32 6.000
3 33 6.000
3 34 6.000
3 35 6.000
3 36 6.000
3 37 6.000
3 38 6.000
3 39 6.000
3 40 6.000
3 41 6.000
3 42 6.000
3 43 6.000
3 44 6.000
3 45 6.000
3 46 6.000
3 47 6.000
3 48 6.000
3 49 6.000
3 50 6.000
3 51 6.000
3 52 6.000
3 53 4.801
3 54 4.396
3 55 5.495
3 56 5.495
3 57 6.000
3 58 3.885
3 59 4.396
3 60 6.000
3 61 5.495
3 62 5.495
3 63 5.495
3 64 4.801
3 65 4.801
3 66 5.495
3 67 4.108
3 68 5.495
3 69 5.495
3 70 4.396
3 71 5.495
3 72 5.495
3 73 6.000
3 74 4.801
3 75 5.495
3 76 6.000
3 77 6.000
3 78 6.000
3 79 6.000
3 80 6.000
3 81 6.000
3 82 6.000
3 83 6.000
3 84 6.000
3 85 6.000
3 86 6.000
3 87 6.000
3 88 6.000
3 89 6.000
3 90 6.000
3 91 6.000
3 92 6.000
3 93 6.000
3 94 6.000
3 95 6.000
3 96 6.000
3 97 6.000
3 98 6.000
3 99 6.000
4 0 6.000
4 1 6.000
4 2 6.000
4 3 5.495
4 4 6.000
4 5 6.000
4 6 6.000
4 7 4.801
4 8 4.801
4 9 4.396
4 10 6.000
4 11 5.495
4 12 5.495
4 13 5.495
4 14 5.495
4 15 6.000
4 16 4.801
4 17 5.495
4 18 4.801
4 19 3.549
4 20 4.801
4 21 3.549
4 22 3.703
4 23 3.549
4 24 3.549
4 25 3.297
4 26 5.495
4 27 6.000
4 28 6.000
4 29 6.000
4 30 6.000
4 31 6.000
4 32 6.000
4 33 6.000
4 34 6.000
4 35 6.000
4 36 6.000
4 37 6.000
4 38 6.000
4 39 6.000
4 40 6.000
4 41 6.000
4 42 6.000
4 43 6.000
4 44 6.000
4 45 6.000
4 46 6.000
4 47 6.000
4 48 6.000
4 49 6.000
4 50 6.000
4 51 6.000
4 52 6.000
4 53 4.801
4 54 4.801
4 55 3.549
4 56 3.885
4 57 3.415
4 58 3.703
4 59 3.549
4 60 4.396
4 61 4.801
4 62 3.549
4 63 4.396
4 64 4.108
4 65 4.396
4 66 6.000
4 67 4.801
4 68 4.801
4 69 4.396
4 70 4.396
4 71 5.495
4 72 3.885
4 73 4.801
4 74 4.801
4 75 3.297
4 76 4.108
4 77 6.000
4 78 6.000
4 79 6.000
4 80 6.000
4 81 6.000
4 82 6.000
4 83 6.000
4 84 6.000
4 85 6.000
4 86 6.000
4 87 6.000
4 88 6.000
4 89 6.000
4 90 6.000
4 91 6.000
4 92 6.000
4 93 6.000
4 94 6.000
4 95 6.000
4 96 6.000
4 97 6.000
4 98 6.000
4 99 6.000
5 0 6.000
5 1 6.000
5 2 6.000
5 3 6.000
5 4 6.000
5 5 6.000
5 6 6.000
5 7 4.801
5 8 4.108
5 9 4.396
5 10 3.297
5 11 4.396
5 12 4.396
5 13 4.108
5 14 4.108
5 15 3.885
5 16 4.801
5 17 4.396
5 18 3.192
5 19 3.415
5 20 2.855
5 21 2.930
5 22 2.930
5 23 3.297
5 24 3.097
5 25 3.192
5 26 2.786
5 27 6.000
5 28 6.000
5 29 6.000
5 30 6.000
5 31 6.000
5 32 6.000
5 33 6.000
5 34 6.000
5 35 6.000
5 36 6.000
5 37 6.000
5 38 6.000
5 39 6.000
5 40 6.000
5 41 6.000
5 42 6.000
5 43 6.000
5 44 6.000
5 45 6.000
5 46 6.000
5 47 6.000
5 48 6.000
5 49 6.000
5 50 6.000
5 51 6.000
5 52 5.495
5 53 4.801
5 54 4.396
5 55 3.097
5 56 1.543
5 57 1.434
5 58 1.076
5 59 1.100
5 60 1.367
5 61 1.644
5 62 2.450
5 63 2.499
5 64 3.010
5 65 2.661
5 66 3.097
5 67 3.549
5 68 3.549
5 69 3.549
5 70 3.885
5 71 3.549
5 72 3.297
5 73 2.786
5 74 3.297
5 75 2.786
5 76 2.604
5 77 4.396
5 78 6.000
5 79 6.000
5 80 6.000
5 81 6.000
5 82 6.000
5 83 6.000
5 84 6.000
5 85 6.000
5 86 6.000
5 87 6.000
5 88 6.000
5 89 6.000
5 90 6.000
5 91 6.000
5 92 6.000
5 93 6.000
5 94 6.000
5 95 6.000
5 96 6.000
5 97 6.000
5 98 6.000
5 99 6.000
6 0 6.000
6 1 6.000
6 2 6.000
6 3 6.000
6 4 6.000
6 5 6.000
6 6 4.108
6 7 3.415
6 8 2.127
6 9 1.543
6 10 2.199
6 11 2.661
6 12 2.722
6 13 2.855
6 14 3.097
6 15 2.661
6 16 2.786
6 17 2.236
6 18 1.733
6 19 1.320
6 20 1.260
6 21 1.336
6 22 1.543
6 23 1.543
6 24 1.911
6 25 1.911
6 26 1.757
6 27 1.884
6 28 3.192
6 29 6.000
6 30 6.000
6 31 6.000
6 32 6.000
6 33 6.000
6 34 6.000
6 35 6.000
6 36 6.000
6 37 6.000
6 38 6.000
6 39 6.000
6 40 6.000
6 41 6.000
6 42 6.000
6 43 6.000
6 44 6.000
6 45 6.000
6 46 6.000
6 47 6.000
6 48 6.000
6 49 6.000
6 50 6.000
6 51 6.000
6 52 6.000
6 53 4.396
6 54 3.097
6 55 1.351
6 56 0.000
6 57 0.000
6 58 0.000
6 59 0.000
6 60 0.000
6 61 0.000
6 62 0.162
6 63 0.822
6 64 1.113
6 65 1.290
6 66 1.367
6 67 1.451
6 68 1.232
6 69 1.469
6 70 1.543
6 71 1.911
6 72 1.563
6 73 1.177
6 74 1.218
6 75 1.125
6 76 0.995
6 77 1.204
6 78 3.097
6 79 6.000
6 80 6.000
6 81 6.000
6 82 6.000
6 83 6.000
6 84 6.000
6 85 6.000
6 86 6.000
6 87 6.000
6 88 6.000
6 89 6.000
6 90 6.000
6 91 6.000
6 92 6.000
6 93 6.000
6 94 6.000
6 95 6.000
6 96 6.000
6 97 6.000
6 98 6.000
6 99 6.000
7 0 6.000
7 1 6.000
7 2 6.000
7 3 6.000
7 4 6.000
7 5 5.495
7 6 3.415
7 7 2.550
7 8 1.688
7 9 0.870
7 10 0.899
7 11 1.781
7 12 2.029
7 13 2.127
7 14 2.604
7 15 2.450
7 16 1.911
7 17 1.113
7 18 0.822
7 19 0.014
7 20 0.000
7 21 0.048
7 22 0.078
7 23 0.451
7 24 0.973
7 25 1.151
7 26 1.006
7 27 0.899
7 28 0.612
7 29 3.097
7 30 6.000
7 31 6.000
7 32 6.000
7 33 6.000
7 34 6.000
7 35 6.000
7 36 6.000
7 37 6.000
7 38 6.000
7 39 6.000
7 40 6.000
7 41 6.000
7 42 6.000
7 43 6.000
7 44 6.000
7 45 6.000
7 46 6.000
7 47 6.000
7 48 6.000
7 49 6.000
7 50 6.000
7 51 6.000
7 52 6.000
7 53 4.801
7 54 3.097
7 55 1.781
7 56 0.000
7 57 0.000
7 58 0.000
7 59 0.000
7 60 0.000
7 61 0.000
7 62 0.000
7 63 0.000
7 64 0.000
7 65 0.000
7 66 0.000
7 67 0.000
7 68 0.000
7 69 0.031
7 70 0.000
7 71 0.000
7 72 0.000
7 73 0.000
7 74 0.000
7 75 0.000
7 76 0.000
7 77 0.000
7 78 0.110
7 79 3.192
7 80 6.000
7 81 6.000
7 82 6.000
7 83 6.000
7 84 6.000
7 85 6.000
7 86 6.000
7 87 6.000
7 88 6.000
7 89 6.000
7 90 6.000
7 91 6.000
7 92 6.000
7 93 6.000
7 94 6.000
7 95 6.000
7 96 6.000
7 97 6.000
7 98 6.000
7 99 6.000
8 0 6.000
8 1 6.000
8 2 6.000
8 3 6.000
8 4 5.495
8 5 5.495
8 6 4.801
8 7 2.855
8 8 2.093
8 9 1.623
8 10 1.177
8 11 1.506
8 12 1.733
8 13 2.093
8 14 2.550
8 15 2.276
8 16 2.316
8 17 1.469
8 18 0.973
8 19 0.044
8 20 0.000
8 21 0.000
8 22 0.000
8 23 0.022
8 24 0.471
8 25 0.803
8 26 0.546
8 27 0.389
8 28 0.419
8 29 0.413
8 30 3.297
8 31 6.000
8 32 6.000
8 33 6.000
8 34 6.000
8 35 6.000
8 36 6.000
8 37 6.000
8 38 6.000
8 39 6.000
8 40 6.000
8 41 6.000
8 42 6.000
8 43 6.000
8 44 6.000
8 45 6.000
8 46 6.000
8 47 6.000
8 48 6.000
8 49 6.000
8 50 6.000
8 51 6.000
8 52 6.000
8 53 5.495
8 54 4.396
8 55 3.097
8 56 0.627
8 57 0.000
8 58 0.000
8 59 0.000
8 60 0.000
8 61 0.000
8 62 0.000
8 63 0.000
8 64 0.000
8 65 0.000
8 66 0.010
8 67 0.000
8 68 0.000
8 69 0.000
8 70 0.000
8 71 0.000
8 72 0.000
8 73 0.000
8 74 0.000
8 75 0.000
8 76 0.000
8 77 0.000
8 78 0.000
8 79 0.000
8 80 2.604
8 81 6.000
8 82 6.000
8 83 6.000
8 84 6.000
8 85 6.000
8 86 6.000
8 87 6.000
8 88 6.000
8 89 6.000
8 90 6.000
8 91 6.000
8 92 6.000
8 93 6.000
8 94 6.000
8 95 6.000
8 96 6.000
8 97 6.000
8 98 6.000
8 99 6.000
9 0 6.000
9 1 6.000
9 2 6.000
9 3 6.000
9 4 6.000
9 5 5.495
9 6 4.801
9 7 3.192
9 8 2.499
9 9 2.450
9 10 2.127
9 11 2.403
9 12 1.806
9 13 2.403
9 14 2.093
9 15 2.199
9 16 3.192
9 17 1.968
9 18 1.781
9 19 1.052
9 20 0.560
9 21 0.359
9 22 0.211
9 23 0.092
9 24 0.658
9 25 0.666
9 26 0.383
9 27 0.092
9 28 0.438
9 29 0.065
9 30 0.347
9 31 1.998
9 32 6.000
9 33 6.000
9 34 6.000
9 35 6.000
9 36 6.000
9 37 6.000
9 38 6.000
9 39 6.000
9 40 6.000
9 41 6.000
9 42 6.000
9 43 6.000
9 44 6.000
9 45 6.000
9 46 6.000
9 47 6.000
9 48 6.000
9 49 6.000
9 50 6.000
9 51 6.000
9 52 6.000
9 53 5.495
9 54 4.801
9 55 4.801
9 56 2.855
9 57 1.040
9 58 0.000
9 59 0.000
9 60 0.000
9 61 0.000
9 62 0.000
9 63 0.000
9 64 0.242
9 65 0.445
9 66 0.445
9 67 0.280
9 68 0.000
9 69 0.000
9 70 0.000
9 71 0.000
9 72 0.000
9 73 0.000
9 74 0.000
9 75 0.000
9 76 0.000
9 77 0.000
9 78 0.000
9 79 0.000
9 80 0.383
9 81 3.010
9 82 6.000
9 83 6.000
9 84 6.000
9 85 6.000
9 86 6.000
9 87 6.000
9 88 6.000
9 89 6.000
9 90 6.000
9 91 6.000
9 92 6.000
9 93 6.000
9 94 6.000
9 95 6.000
9 96 6.000
9 97 6.000
9 98 6.000
9 99 6.000
10 0 6.000
10 1 6.000
10 2 6.000
10 3 6.000
10 4 3.703
10 5 3.703
10 6 5.495
10 7 2.930
10 8 1.563
10 9 1.524
10 10 2.093
10 11 2.359
10 12 2.550
10 13 3.097
10 14 3.192
10 15 3.192
10 16 2.604
10 17 2.499
10 18 2.236
10 19 2.403
10 20 1.487
10 21 1.232
10 22 0.850
10 23 0.269
10 24 0.157
10 25 0.206
10 26 0.000
10 27 0.000
10 28 0.000
10 29 0.000
10 30 0.000
10 31 0.000
10 32 1.290
10 33 6.000
10 34 6.000
10 35 6.000
10 36 6.000
10 37 6.000
10 38 6.000
10 39 6.000
10 40 6.000
10 41 6.000
10 42 6.000
10 43 6.000
10 44 6.000
10 45 6.000
10 46 6.000
10 47 6.000
10 48 6.000
10 49 6.000
10 50 6.000
10 51 6.000
10 52 6.000
10 53 6.000
10 54 4.801
10 55 5.495
10 56 3.010
10 57 2.127
10 58 1.260
10 59 0.707
10 60 0.157
10 61 0.000
10 62 0.000
10 63 0.101
10 64 0.525
10 65 0.910
10 66 1.006
10 67 1.204
10 68 0.941
10 69 0.458
10 70 0.269
10 71 0.000
10 72 0.000
10 73 0.000
10 74 0.162
10 75 0.201
10 76 0.110
10 77 0.000
10 78 0.000
10 79 0.000
10 80 0.000
10 81 0.000
10 82 1.064
10 83 6.000
10 84 6.000
10 85 6.000
10 86 6.000
10 87 6.000
10 88 6.000
10 89 6.000
10 90 6.000
10 91 6.000
10 92 6.000
10 93 6.000
10 94 6.000
10 95 6.000
10 96 6.000
10 97 6.000
10 98 6.000
10 99 6.000
11 0 6.000
11 1 6.000
11 2 6.000
11 3 6.000
11 4 6.000
11 5 6.000
11 6 4.396
11 7 2.029
11 8 1.232
11 9 0.920
11 10 1.138
11 11 1.469
11 12 1.939
11 13 3.192
11 14 2.855
11 15 3.010
11 16 3.097
11 17 2.661
11 18 2.604
11 19 2.359
11 20 1.998
11 21 1.831
11 22 1.190
11 23 0.291
11 24 0.000
11 25 0.000
11 26 0.000
11 27 0.000
11 28 0.000
11 29 0.000
11 30 0.000
11 31 0.000
11 32 0.000
11 33 0.767
11 34 6.000
11 35 6.000
11 36 6.000
11 37 6.000
11 38 6.000
11 39 6.000
11 40 6.000
11 41 6.000
11 42 6.000
11 43 6.000
11 44 6.000
11 45 6.000
11 46 6.000
11 47 6.000
11 48 6.000
11 49 6.000
11 50 6.000
11 51 6.000
11 52 6.000
11 53 6.000
11 54 6.000
11 55 5.495
11 56 3.297
11 57 2.236
11 58 1.275
11 59 0.413
11 60 0.000
11 61 0.000
11 62 0.511
11 63 0.899
11 64 0.879
11 65 1.246
11 66 1.275
11 67 1.384
11 68 1.688
11 69 1.506
11 70 1.451
11 71 0.962
11 72 0.962
11 73 0.715
11 74 0.511
11 75 0.432
11 76 0.445
11 77 0.162
11 78 0.000
11 79 0.000
11 80 0.000
11 81 0.000
11 82 0.000
11 83 0.438
11 84 6.000
11 85 6.000
11 86 6.000
11 87 6.000
11 88 6.000
11 89 6.000
11 90 6.000
11 91 6.000
11 92 6.000
11 93 6.000
11 94 6.000
11 95 6.000
11 96 6.000
11 97 6.000
11 98 6.000
11 99 6.000
12 0 6.000
12 1 6.000
12 2 6.000
12 3 6.000
12 4 6.000
12 5 6.000
12 6 6.000
12 7 4.801
12 8 2.604
12 9 1.417
12 10 0.732
12 11 0.879
12 12 1.218
12 13 1.884
12 14 2.403
12 15 2.786
12 16 2.930
12 17 2.236
12 18 2.450
12 19 2.450
12 20 1.644
12 21 0.879
12 22 0.206
12 23 0.000
12 24 0.000
12 25 0.000
12 26 0.000
12 27 0.000
12 28 0.000
12 29 0.000
12 30 0.000
12 31 0.000
12 32 0.000
12 33 0.000
12 34 0.724
12 35 6.000
12 36 6.000
12 37 6.000
12 38 6.000
12 39 6.000
12 40 6.000
12 41 6.000
12 42 6.000
12 43 6.000
12 44 6.000
12 45 6.000
12 46 6.000
12 47 6.000
12 48 6.000
12 49 6.000
12 50 6.000
12 51 6.000
12 52 6.000
12 53 6.000
12 54 6.000
12 55 6.000
12 56 5.495
12 57 4.396
12 58 2.604
12 59 1.623
12 60 0.458
12 61 0.074
12 62 0.227
12 63 1.029
12 64 1.563
12 65 1.666
12 66 1.524
12 67 1.603
12 68 2.061
12 69 2.127
12 70 2.093
12 71 1.583
12 72 1.710
12 73 1.524
12 74 1.506
12 75 1.583
12 76 1.524
12 77 1.040
12 78 0.227
12 79 0.000
12 80 0.000
12 81 0.302
12 82 0.000
12 83 0.000
12 84 0.330
12 85 6.000
12 86 6.000
12 87 6.000
12 88 6.000
12 89 6.000
12 90 6.000
12 91 6.000
12 92 6.000
12 93 6.000
12 94 6.000
12 95 6.000
12 96 6.000
12 97 6.000
12 98 6.000
12 99 6.000
13 0 6.000
13 1 6.000
13 2 6.000
13 3 6.000
13 4 6.000
13 5 6.000
13 6 6.000
13 7 6.000
13 8 4.396
13 9 3.703
13 10 2.550
13 11 1.451
13 12 1.064
13 13 1.367
13 14 1.733
13 15 2.403
13 16 2.550
13 17 2.403
13 18 2.450
13 19 1.710
13 20 0.941
13 21 0.389
13 22 0.000
13 23 0.000
13 24 0.000
13 25 0.000
13 26 0.000
13 27 0.000
13 28 0.000
13 29 0.000
13 30 0.000
13 31 0.000
13 32 0.000
13 33 0.000
13 34 0.000
13 35 1.469
13 36 6.000
13 37 6.000
13 38 6.000
13 39 6.000
13 40 6.000
13 41 6.000
13 42 6.000
13 43 6.000
13 44 6.000
13 45 6.000
13 46 6.000
13 47 6.000
13 48 6.000
13 49 6.000
13 50 6.000
13 51 6.000
13 52 6.000
13 53 6.000
13 54 6.000
13 55 5.495
13 56 6.000
13 57 6.000
13 58 6.000
13 59 3.885
13 60 4.108
13 61 1.998
13 62 1.384
13 63 1.218
13 64 1.260
13 65 1.400
13 66 1.831
13 67 1.911
13 68 1.998
13 69 2.199
13 70 2.162
13 71 2.276
13 72 2.316
13 73 2.450
13 74 2.199
13 75 2.403
13 76 2.162
13 77 1.884
13 78 1.125
13 79 0.560
13 80 0.426
13 81 0.635
13 82 0.803
13 83 0.000
13 84 0.000
13 85 0.794
13 86 6.000
13 87 6.000
13 88 6.000
13 89 6.000
13 90 6.000
13 91 6.000
13 92 6.000
13 93 6.000
13 94 6.000
13 95 6.000
13 96 6.000
13 97 6.000
13 98 6.000
13 99 6.000
14 0 6.000
14 1 6.000
14 2 6.000
14 3 6.000
14 4 6.000
14 5 6.000
14 6 6.000
14 7 6.000
14 8 6.000
14 9 6.000
14 10 6.000
14 11 3.703
14 12 2.403
14 13 1.884
14 14 1.506
14 15 1.400
14 16 1.857
14 17 1.939
14 18 1.757
14 19 1.506
14 20 0.691
14 21 0.525
14 22 0.000
14 23 0.000
14 24 0.000
14 25 0.000
14 26 0.000
14 27 0.000
14 28 0.000
14 29 0.000
14 30 0.000
14 31 0.000
14 32 0.000
14 33 0.000
14 34 0.000
14 35 0.000
14 36 2.604
14 37 6.000
14 38 6.000
14 39 6.000
14 40 6.000
14 41 6.000
14 42 6.000
14 43 6.000
14 44 6.000
14 45 6.000
14 46 6.000
14 47 6.000
14 48 6.000
14 49 6.000
14 50 6.000
14 51 6.000
14 52 6.000
14 53 6.000
14 54 6.000
14 55 6.000
14 56 6.000
14 57 6.000
14 58 6.000
14 59 5.495
14 60 6.000
14 61 4.396
14 62 3.097
14 63 2.276
14 64 1.434
14 65 1.603
14 66 1.336
14 67 1.757
14 68 2.236
14 69 2.199
14 70 2.499
14 71 2.450
14 72 2.499
14 73 2.499
14 74 2.661
14 75 2.359
14 76 2.359
14 77 2.093
14 78 2.061
14 79 1.623
14 80 1.190
14 81 1.125
14 82 1.305
14 83 0.619
14 84 0.000
14 85 0.000
14 86 1.884
14 87 6.000
14 88 6.000
14 89 6.000
14 90 6.000
14 91 6.000
14 92 6.000
14 93 6.000
14 94 6.000
14 95 6.000
14 96 6.000
14 97 6.000
14 98 6.000
14 99 6.000
15 0 6.000
15 1 6.000
15 2 6.000
15 3 6.000
15 4 6.000
15 5 6.000
15 6 6.000
15 7 6.000
15 8 6.000
15 9 6.000
15 10 6.000
15 11 6.000
15 12 5.495
15 13 5.495
15 14 2.786
15 15 2.499
15 16 2.499
15 17 2.093
15 18 1.781
15 19 1.733
15 20 1.164
15 21 0.464
15 22 0.124
15 23 0.000
15 24 0.000
15 25 0.000
15 26 0.000
15 27 0.000
15 28 0.000
15 29 0.000
15 30 0.000
15 31 0.000
15 32 0.000
15 33 0.000
15 34 0.000
15 35 0.000
15 36 0.000
15 37 3.703
15 38 6.000
15 39 6.000
15 40 6.000
15 41 6.000
15 42 6.000
15 43 6.000
15 44 6.000
15 45 6.000
15 46 6.000
15 47 6.000
15 48 6.000
15 49 6.000
15 50 6.000
15 51 6.000
15 52 6.000
15 53 6.000
15 54 6.000
15 55 6.000
15 56 6.000
15 57 6.000
15 58 6.000
15 59 6.000
15 60 6.000
15 61 6.000
15 62 5.495
15 63 4.108
15 64 3.192
15 65 2.722
15 66 1.710
15 67 1.644
15 68 1.469
15 69 1.939
15 70 2.029
15 71 2.162
15 72 2.403
15 73 2.450
15 74 2.061
15 75 2.029
15 76 2.093
15 77 1.939
15 78 1.884
15 79 1.939
15 80 1.710
15 81 1.623
15 82 1.506
15 83 1.260
15 84 0.635
15 85 0.000
15 86 0.000
15 87 3.885
15 88 6.000
15 89 6.000
15 90 6.000
15 91 6.000
15 92 6.000
15 93 6.000
15 94 6.000
15 95 6.000
15 96 6.000
15 97 6.000
15 98 6.000
15 99 6.000
16 0 6.000
16 1 6.000
16 2 6.000
16 3 6.000
16 4 6.000
16 5 6.000
16 6 6.000
16 7 6.000
16 8 6.000
16 9 6.000
16 10 6.000
16 11 6.000
16 12 6.000
16 13 6.000
16 14 6.000
16 15 6.000
16 16 4.396
16 17 3.885
16 18 3.415
16 19 2.550
16 20 1.524
16 21 0.930
16 22 0.776
16 23 0.318
16 24 0.147
16 25 0.000
16 26 0.000
16 27 0.000
16 28 0.000
16 29 0.000
16 30 0.000
16 31 0.000
16 32 0.000
16 33 0.000
16 34 0.000
16 35 0.000
16 36 0.000
16 37 0.812
16 38 6.000
16 39 6.000
16 40 6.000
16 41 6.000
16 42 6.000
16 43 6.000
16 44 6.000
16 45 6.000
16 46 6.000
16 47 6.000
16 48 6.000
16 49 6.000
16 50 6.000
16 51 6.000
16 52 6.000
16 53 6.000
16 54 6.000
16 55 6.000
16 56 6.000
16 57 6.000
16 58 6.000
16 59 6.000
16 60 6.000
16 61 6.000
16 62 6.000
16 63 6.000
16 64 6.000
16 65 5.495
16 66 3.549
16 67 2.722
16 68 2.403
16 69 2.199
16 70 1.857
16 71 2.276
16 72 2.199
16 73 2.722
16 74 2.450
16 75 2.316
16 76 2.276
16 77 2.403
16 78 2.162
16 79 2.199
16 80 2.127
16 81 2.093
16 82 2.162
16 83 2.359
16 84 2.236
16 85 1.563
16 86 0.162
16 87 0.724
16 88 5.495
16 89 6.000
16 90 6.000
16 91 6.000
16 92 6.000
16 93 6.000
16 94 6.000
16 95 6.000
16 96 6.000
16 97 6.000
16 98 6.000
16 99 6.000
17 0 6.000
17 1 6.000
17 2 6.000
17 3 6.000
17 4 6.000
17 5 6.000
17 6 6.000
17 7 6.000
17 8 6.000
17 9 6.000
17 10 6.000
17 11 6.000
17 12 6.000
17 13 6.000
17 14 6.000
17 15 6.000
17 16 6.000
17 17 6.000
17 18 6.000
17 19 5.495
17 20 6.000
17 21 3.192
17 22 3.297
17 23 2.855
17 24 2.661
17 25 2.450
17 26 2.236
17 27 2.061
17 28 2.029
17 29 1.757
17 30 1.781
17 31 1.417
17 32 1.164
17 33 1.177
17 34 0.889
17 35 1.177
17 36 1.190
17 37 1.968
17 38 4.801
17 39 6.000
17 40 6.000
17 41 6.000
17 42 6.000
17 43 6.000
17 44 6.000
17 45 6.000
17 46 6.000
17 47 6.000
17 48 6.000
17 49 6.000
17 50 6.000
17 51 6.000
17 52 6.000
17 53 6.000
17 54 6.000
17 55 6.000
17 56 6.000
17 57 6.000
17 58 6.000
17 59 6.000
17 60 6.000
17 61 6.000
17 62 6.000
17 63 6.000
17 64 6.000
17 65 6.000
17 66 6.000
17 67 6.000
17 68 6.000
17 69 6.000
17 70 5.495
17 71 3.703
17 72 3.703
17 73 3.885
17 74 4.801
17 75 3.703
17 76 4.108
17 77 6.000
17 78 4.108
17 79 4.801
17 80 4.396
17 81 3.703
17 82 3.885
17 83 4.396
17 84 4.801
17 85 6.000
17 86 4.801
17 87 2.855
17 88 4.801
17 89 6.000
17 90 6.000
17 91 6.000
17 92 6.000
17 93 6.000
17 94 6.000
17 95 6.000
17 96 6.000
17 97 6.000
17 98 6.000
17 99 6.000
18 0 6.000
18 1 6.000
18 2 6.000
18 3 6.000
18 4 6.000
18 5 6.000
18 6 6.000
18 7 6.000
18 8 6.000
18 9 6.000
18 10 6.000
18 11 6.000
18 12 6.000
18 13 6.000
18 14 6.000
18 15 6.000
18 16 6.000
18 17 6.000
18 18 6.000
18 19 6.000
18 20 6.000
18 21 6.000
18 22 6.000
18 23 6.000
18 24 6.000
18 25 6.000
18 26 6.000
18 27 5.495
18 28 6.000
18 29 6.000
18 30 5.495
18 31 4.801
18 32 6.000
18 33 5.495
18 34 5.495
18 35 6.000
18 36 5.495
18 37 4.396
18 38 6.000
18 39 6.000
18 40 6.000
18 41 6.000
18 42 6.000
18 43 6.000
18 44 6.000
18 45 6.000
18 46 6.000
18 47 6.000
18 48 6.000
18 49 6.000
18 50 6.000
18 51 6.000
18 52 6.000
18 53 6.000
18 54 6.000
18 55 6.000
18 56 6.000
18 57 6.000
18 58 6.000
18 59 6.000
18 60 6.000
18 61 6.000
18 62 6.000
18 63 6.000
18 64 6.000
18 65 6.000
18 66 6.000
18 67 6.000
18 68 6.000
18 69 6.000
18 70 6.000
18 71 6.000
18 72 6.000
18 73 6.000
18 74 6.000
18 75 6.000
18 76 6.000
18 77 5.495
18 78 6.000
18 79 6.000
18 80 6.000
18 81 6.000
18 82 6.000
18 83 6.000
18 84 6.000
18 85 6.000
18 86 6.000
18 87 6.000
18 88 6.000
18 89 6.000
18 90 6.000
18 91 6.000
18 92 6.000
18 93 6.000
18 94 6.000
18 95 6.000
18 96 6.000
18 97 6.000
18 98 6.000
18 99 6.000
19 0 6.000
19 1 6.000
19 2 6.000
19 3 6.000
19 4 6.000
19 5 6.000
19 6 6.000
19 7 6.000
19 8 6.000
19 9 6.000
19 10 6.000
19 11 6.000
19 12 6.000
19 13 6.000
19 14 6.000
19 15 6.000
19 16 6.000
19 17 6.000
19 18 6.000
19 19 6.000
19 20 6.000
19 21 6.000
19 22 6.000
19 23 6.000
19 24 6.000
19 25 6.000
19 26 6.000
19 27 6.000
19 28 6.000
19 29 6.000
19 30 6.000
19 31 6.000
19 32 5.495
19 33 6.000
19 34 6.000
19 35 6.000
19 36 6.000
19 37 6.000
19 38 6.000
19 39 6.000
19 40 6.000
19 41 6.000
19 42 6.000
19 43 6.000
19 44 6.000
19 45 6.000
19 46 6.000
19 47 6.000
19 48 6.000
19 49 6.000
19 50 6.000
19 51 6.000
19 52 6.000
19 53 6.000
19 54 6.000
19 55 6.000
19 56 6.000
19 57 6.000
19 58 6.000
19 59 6.000
19 60 6.000
19 61 6.000
19 62 6.000
19 63 6.000
19 64 6.000
19 65 6.000
19 66 6.000
19 67 6.000
19 68 6.000
19 69 6.000
19 70 6.000
19 71 6.000
19 72 6.000
19 73 6.000
19 74 6.000
19 75 6.000
19 76 6.000
19 77 6.000
19 78 6.000
19 79 6.000
19 80 6.000
19 81 6.000
19 82 5.495
19 83 6.000
19 84 6.000
19 85 6.000
19 86 6.000
19 87 6.000
19 88 6.000
19 89 6.000
19 90 6.000
19 91 6.000
19 92 6.000
19 93 6.000
19 94 6.000
19 95 6.000
19 96 6.000
19 97 6.000
19 98 6.000
19 99 6.000
