 1MET
  -.8  -.1  -.5  -.1  -.6  -.5  -.6  -.1   .0  -.1  -.1  -.6  -.1   .0   .1  -.1  -.1  -.1   .1  -.2  -.5   .1  -.2  -.2  -.1
  -.2   .1  -.1  -.5  -.7  -.1  -.3  -.5  -.2  -.1   .1  -.1   .0  -.5   .1   .0   .1  -.9  -.1  -.5   .1   .1  -.2  -.1  -.1
  -.1  -.7  -.1  -.5  -.1   .1
 =================================
 2THR
  -.1   .3  -.1  1.0   .0  -.2   .0   .3   .5  1.0   .3   .0  1.0   .5   .6   .3   .3   .3   .6   .3   .0   .6   .3   .3   .3
   .3   .6  1.0   .0  -.3  1.0   .3  -.1   .3   .3   .6   .3   .5   .0   .6   .5   .6  -.6   .3  -.1   .6   .6   .3   .3  1.0
   .3  -.3   .3   .0   .3   .6
 =================================
 3TYR
  -.5  -.1  -.7   .2 -1.1 -1.0 -1.1  -.1   .3   .2  -.1 -1.1   .2   .3   .1  -.1  -.1  -.1   .1  -.4  -.7  -.1  -.4  -.4  -.1
  -.4   .1   .2  -.7 -1.2   .2  -.1  -.7  -.4  -.1  -.1  -.1   .3  -.7  -.1   .3   .1 -1.4  -.1  -.7  -.1  -.1  -.4  -.1   .2
  -.1 -1.2  -.1  -.7  -.1   .1
 =================================
 4LYS
  -.1  1.0   .2  2.2   .2   .2   .2  1.0  1.1  2.2  1.0   .2  2.2  1.1   .7  1.0  1.0  1.0   .7   .9   .4   .6   .9   .9  1.0
   .9   .7  2.2   .4  -.2  2.2   .9   .2   .9  1.0   .6  1.0  1.1   .4   .6  1.1   .7  -.2  1.0   .2   .6   .6   .9  1.0  2.2
  1.0  -.2  1.0   .4  1.0   .7
 =================================
 5LEU
  -.6   .0 -1.1   .2 -1.2 -1.4 -1.2   .2   .4   .2   .0 -1.2   .2   .4   .5   .0   .0   .0   .5  -.5 -1.0   .6  -.5  -.5   .0
  -.5   .5   .2 -1.0 -1.2   .2  -.1 -1.1  -.5   .2   .6   .2   .4 -1.0   .6   .4   .5 -1.4   .0 -1.1   .6   .6  -.5   .0   .2
   .0 -1.2   .0 -1.0   .0   .5
 =================================
 6ILE
  -.5  -.2 -1.0   .2 -1.4 -1.2 -1.4   .2   .2   .2  -.2 -1.4   .2   .2   .4  -.2  -.2  -.2   .4  -.6 -1.1   .5  -.6  -.6  -.2
  -.6   .4   .2 -1.1 -1.2   .2  -.1 -1.0  -.6   .2   .5   .2   .2 -1.1   .5   .2   .4 -1.3  -.2 -1.0   .5   .5  -.6  -.2   .2
  -.2 -1.2  -.2 -1.1  -.2   .4
 =================================
 7LEU
  -.6   .0 -1.1   .2 -1.2 -1.4 -1.2   .2   .4   .2   .0 -1.2   .2   .4   .5   .0   .0   .0   .5  -.5 -1.0   .6  -.5  -.5   .0
  -.5   .5   .2 -1.0 -1.2   .2  -.1 -1.1  -.5   .2   .6   .2   .4 -1.0   .6   .4   .5 -1.4   .0 -1.1   .6   .6  -.5   .0   .2
   .0 -1.2   .0 -1.0   .0   .5
 =================================
 8ASN
  -.1   .3  -.1  1.0   .2   .2   .2   .2   .4  1.0   .3   .2  1.0   .4   .8   .3   .3   .3   .8   .7   .4   .7   .7   .7   .3
   .7   .8  1.0   .4   .0  1.0   .2  -.1   .7   .2   .7   .2   .4   .4   .7   .4   .8  -.4   .3  -.1   .7   .7   .7   .3  1.0
   .3   .0   .3   .4   .3   .8
 =================================
 9GLY
   .0   .5   .3  1.1   .4   .2   .4   .4   .5  1.1   .5   .4  1.1   .5  1.1   .5   .5   .5  1.1   .8   .4   .7   .8   .8   .5
   .8  1.1  1.1   .4   .2  1.1   .6   .3   .8   .4   .7   .4   .5   .4   .7   .5  1.1  -.3   .5   .3   .7   .7   .8   .5  1.1
   .5   .2   .5   .4   .5  1.1
 =================================
 10LYS
  -.1  1.0   .2  2.2   .2   .2   .2  1.0  1.1  2.2  1.0   .2  2.2  1.1   .7  1.0  1.0  1.0   .7   .9   .4   .6   .9   .9  1.0
   .9   .7  2.2   .4  -.2  2.2   .9   .2   .9  1.0   .6  1.0  1.1   .4   .6  1.1   .7  -.2  1.0   .2   .6   .6   .9  1.0  2.2
  1.0  -.2  1.0   .4  1.0   .7
 =================================
 11THR
  -.1   .3  -.1  1.0   .0  -.2   .0   .3   .5  1.0   .3   .0  1.0   .5   .6   .3   .3   .3   .6   .3   .0   .6   .3   .3   .3
   .3   .6  1.0   .0  -.3  1.0   .3  -.1   .3   .3   .6   .3   .5   .0   .6   .5   .6  -.6   .3  -.1   .6   .6   .3   .3  1.0
   .3  -.3   .3   .0   .3   .6
 =================================
 12LEU
  -.6   .0 -1.1   .2 -1.2 -1.4 -1.2   .2   .4   .2   .0 -1.2   .2   .4   .5   .0   .0   .0   .5  -.5 -1.0   .6  -.5  -.5   .0
  -.5   .5   .2 -1.0 -1.2   .2  -.1 -1.1  -.5   .2   .6   .2   .4 -1.0   .6   .4   .5 -1.4   .0 -1.1   .6   .6  -.5   .0   .2
   .0 -1.2   .0 -1.0   .0   .5
 =================================
 13LYS
  -.1  1.0   .2  2.2   .2   .2   .2  1.0  1.1  2.2  1.0   .2  2.2  1.1   .7  1.0  1.0  1.0   .7   .9   .4   .6   .9   .9  1.0
   .9   .7  2.2   .4  -.2  2.2   .9   .2   .9  1.0   .6  1.0  1.1   .4   .6  1.1   .7  -.2  1.0   .2   .6   .6   .9  1.0  2.2
  1.0  -.2  1.0   .4  1.0   .7
 =================================
 14GLY
   .0   .5   .3  1.1   .4   .2   .4   .4   .5  1.1   .5   .4  1.1   .5  1.1   .5   .5   .5  1.1   .8   .4   .7   .8   .8   .5
   .8  1.1  1.1   .4   .2  1.1   .6   .3   .8   .4   .7   .4   .5   .4   .7   .5  1.1  -.3   .5   .3   .7   .7   .8   .5  1.1
   .5   .2   .5   .4   .5  1.1
 =================================
 15GLU
   .1   .6   .1   .7   .5   .4   .5   .8  1.1   .7   .6   .5   .7  1.1  1.5   .6   .6   .6  1.5  1.0   .5  1.4  1.0  1.0   .6
  1.0  1.5   .7   .5   .1   .7   .8   .1  1.0   .8  1.4   .8  1.1   .5  1.4  1.1  1.5  -.2   .6   .1  1.4  1.4  1.0   .6   .7
   .6   .1   .6   .5   .6  1.5
 =================================
 16THR
  -.1   .3  -.1  1.0   .0  -.2   .0   .3   .5  1.0   .3   .0  1.0   .5   .6   .3   .3   .3   .6   .3   .0   .6   .3   .3   .3
   .3   .6  1.0   .0  -.3  1.0   .3  -.1   .3   .3   .6   .3   .5   .0   .6   .5   .6  -.6   .3  -.1   .6   .6   .3   .3  1.0
   .3  -.3   .3   .0   .3   .6
 =================================
 17THR
  -.1   .3  -.1  1.0   .0  -.2   .0   .3   .5  1.0   .3   .0  1.0   .5   .6   .3   .3   .3   .6   .3   .0   .6   .3   .3   .3
   .3   .6  1.0   .0  -.3  1.0   .3  -.1   .3   .3   .6   .3   .5   .0   .6   .5   .6  -.6   .3  -.1   .6   .6   .3   .3  1.0
   .3  -.3   .3   .0   .3   .6
 =================================
 18THR
  -.1   .3  -.1  1.0   .0  -.2   .0   .3   .5  1.0   .3   .0  1.0   .5   .6   .3   .3   .3   .6   .3   .0   .6   .3   .3   .3
   .3   .6  1.0   .0  -.3  1.0   .3  -.1   .3   .3   .6   .3   .5   .0   .6   .5   .6  -.6   .3  -.1   .6   .6   .3   .3  1.0
   .3  -.3   .3   .0   .3   .6
 =================================
 19GLU
   .1   .6   .1   .7   .5   .4   .5   .8  1.1   .7   .6   .5   .7  1.1  1.5   .6   .6   .6  1.5  1.0   .5  1.4  1.0  1.0   .6
  1.0  1.5   .7   .5   .1   .7   .8   .1  1.0   .8  1.4   .8  1.1   .5  1.4  1.1  1.5  -.2   .6   .1  1.4  1.4  1.0   .6   .7
   .6   .1   .6   .5   .6  1.5
 =================================
 20ALA
  -.2   .3  -.4   .9  -.5  -.6  -.5   .7   .8   .9   .3  -.5   .9   .8  1.0   .3   .3   .3  1.0   .3  -.4  1.0   .3   .3   .3
   .3  1.0   .9  -.4  -.4   .9   .3  -.4   .3   .7  1.0   .7   .8  -.4  1.0   .8  1.0  -.7   .3  -.4  1.0  1.0   .3   .3   .9
   .3  -.4   .3  -.4   .3  1.0
 =================================
 21VAL
  -.5   .0  -.7   .4 -1.0 -1.1 -1.0   .4   .4   .4   .0 -1.0   .4   .4   .5   .0   .0   .0   .5  -.4  -.8   .8  -.4  -.4   .0
  -.4   .5   .4  -.8 -1.1   .4   .0  -.7  -.4   .4   .8   .4   .4  -.8   .8   .4   .5 -1.1   .0  -.7   .8   .8  -.4   .0   .4
   .0 -1.1   .0  -.8   .0   .5
 =================================
 22ASP
   .1   .6  -.1   .6   .6   .5   .6   .7   .7   .6   .6   .6   .6   .7  1.4   .6   .6   .6  1.4  1.0   .8  1.2  1.0  1.0   .6
  1.0  1.4   .6   .8   .3   .6   .7  -.1  1.0   .7  1.2   .7   .7   .8  1.2   .7  1.4  -.3   .6  -.1  1.2  1.2  1.0   .6   .6
   .6   .3   .6   .8   .6  1.4
 =================================
 23ALA
  -.2   .3  -.4   .9  -.5  -.6  -.5   .7   .8   .9   .3  -.5   .9   .8  1.0   .3   .3   .3  1.0   .3  -.4  1.0   .3   .3   .3
   .3  1.0   .9  -.4  -.4   .9   .3  -.4   .3   .7  1.0   .7   .8  -.4  1.0   .8  1.0  -.7   .3  -.4  1.0  1.0   .3   .3   .9
   .3  -.4   .3  -.4   .3  1.0
 =================================
 24ALA
  -.2   .3  -.4   .9  -.5  -.6  -.5   .7   .8   .9   .3  -.5   .9   .8  1.0   .3   .3   .3  1.0   .3  -.4  1.0   .3   .3   .3
   .3  1.0   .9  -.4  -.4   .9   .3  -.4   .3   .7  1.0   .7   .8  -.4  1.0   .8  1.0  -.7   .3  -.4  1.0  1.0   .3   .3   .9
   .3  -.4   .3  -.4   .3  1.0
 =================================
 25THR
  -.1   .3  -.1  1.0   .0  -.2   .0   .3   .5  1.0   .3   .0  1.0   .5   .6   .3   .3   .3   .6   .3   .0   .6   .3   .3   .3
   .3   .6  1.0   .0  -.3  1.0   .3  -.1   .3   .3   .6   .3   .5   .0   .6   .5   .6  -.6   .3  -.1   .6   .6   .3   .3  1.0
   .3  -.3   .3   .0   .3   .6
 =================================
 26ALA
  -.2   .3  -.4   .9  -.5  -.6  -.5   .7   .8   .9   .3  -.5   .9   .8  1.0   .3   .3   .3  1.0   .3  -.4  1.0   .3   .3   .3
   .3  1.0   .9  -.4  -.4   .9   .3  -.4   .3   .7  1.0   .7   .8  -.4  1.0   .8  1.0  -.7   .3  -.4  1.0  1.0   .3   .3   .9
   .3  -.4   .3  -.4   .3  1.0
 =================================
 27GLU
   .1   .6   .1   .7   .5   .4   .5   .8  1.1   .7   .6   .5   .7  1.1  1.5   .6   .6   .6  1.5  1.0   .5  1.4  1.0  1.0   .6
  1.0  1.5   .7   .5   .1   .7   .8   .1  1.0   .8  1.4   .8  1.1   .5  1.4  1.1  1.5  -.2   .6   .1  1.4  1.4  1.0   .6   .7
   .6   .1   .6   .5   .6  1.5
 =================================
 28LYS
  -.1  1.0   .2  2.2   .2   .2   .2  1.0  1.1  2.2  1.0   .2  2.2  1.1   .7  1.0  1.0  1.0   .7   .9   .4   .6   .9   .9  1.0
   .9   .7  2.2   .4  -.2  2.2   .9   .2   .9  1.0   .6  1.0  1.1   .4   .6  1.1   .7  -.2  1.0   .2   .6   .6   .9  1.0  2.2
  1.0  -.2  1.0   .4  1.0   .7
 =================================
 29VAL
  -.5   .0  -.7   .4 -1.0 -1.1 -1.0   .4   .4   .4   .0 -1.0   .4   .4   .5   .0   .0   .0   .5  -.4  -.8   .8  -.4  -.4   .0
  -.4   .5   .4  -.8 -1.1   .4   .0  -.7  -.4   .4   .8   .4   .4  -.8   .8   .4   .5 -1.1   .0  -.7   .8   .8  -.4   .0   .4
   .0 -1.1   .0  -.8   .0   .5
 =================================
 30PHE
  -.7  -.3 -1.2  -.2 -1.2 -1.2 -1.2   .0   .2  -.2  -.3 -1.2  -.2   .2   .1  -.3  -.3  -.3   .1  -.4 -1.1   .3  -.4  -.4  -.3
  -.4   .1  -.2 -1.1 -1.4  -.2  -.3 -1.2  -.4   .0   .3   .0   .2 -1.1   .3   .2   .1 -1.5  -.3 -1.2   .3   .3  -.4  -.3  -.2
  -.3 -1.4  -.3 -1.1  -.3   .1
 =================================
 31LYS
  -.1  1.0   .2  2.2   .2   .2   .2  1.0  1.1  2.2  1.0   .2  2.2  1.1   .7  1.0  1.0  1.0   .7   .9   .4   .6   .9   .9  1.0
   .9   .7  2.2   .4  -.2  2.2   .9   .2   .9  1.0   .6  1.0  1.1   .4   .6  1.1   .7  -.2  1.0   .2   .6   .6   .9  1.0  2.2
  1.0  -.2  1.0   .4  1.0   .7
 =================================
 32GLN
  -.3   .3  -.1   .9  -.1  -.1  -.1   .2   .6   .9   .3  -.1   .9   .6   .8   .3   .3   .3   .8   .3   .0   .7   .3   .3   .3
   .3   .8   .9   .0  -.3   .9  -.1  -.1   .3   .2   .7   .2   .6   .0   .7   .6   .8  -.8   .3  -.1   .7   .7   .3   .3   .9
   .3  -.3   .3   .0   .3   .8
 =================================
 33TYR
  -.5  -.1  -.7   .2 -1.1 -1.0 -1.1  -.1   .3   .2  -.1 -1.1   .2   .3   .1  -.1  -.1  -.1   .1  -.4  -.7  -.1  -.4  -.4  -.1
  -.4   .1   .2  -.7 -1.2   .2  -.1  -.7  -.4  -.1  -.1  -.1   .3  -.7  -.1   .3   .1 -1.4  -.1  -.7  -.1  -.1  -.4  -.1   .2
  -.1 -1.2  -.1  -.7  -.1   .1
 =================================
 34ALA
  -.2   .3  -.4   .9  -.5  -.6  -.5   .7   .8   .9   .3  -.5   .9   .8  1.0   .3   .3   .3  1.0   .3  -.4  1.0   .3   .3   .3
   .3  1.0   .9  -.4  -.4   .9   .3  -.4   .3   .7  1.0   .7   .8  -.4  1.0   .8  1.0  -.7   .3  -.4  1.0  1.0   .3   .3   .9
   .3  -.4   .3  -.4   .3  1.0
 =================================
 35ASN
  -.1   .3  -.1  1.0   .2   .2   .2   .2   .4  1.0   .3   .2  1.0   .4   .8   .3   .3   .3   .8   .7   .4   .7   .7   .7   .3
   .7   .8  1.0   .4   .0  1.0   .2  -.1   .7   .2   .7   .2   .4   .4   .7   .4   .8  -.4   .3  -.1   .7   .7   .7   .3  1.0
   .3   .0   .3   .4   .3   .8
 =================================
 36ASP
   .1   .6  -.1   .6   .6   .5   .6   .7   .7   .6   .6   .6   .6   .7  1.4   .6   .6   .6  1.4  1.0   .8  1.2  1.0  1.0   .6
  1.0  1.4   .6   .8   .3   .6   .7  -.1  1.0   .7  1.2   .7   .7   .8  1.2   .7  1.4  -.3   .6  -.1  1.2  1.2  1.0   .6   .6
   .6   .3   .6   .8   .6  1.4
 =================================
 37ASN
  -.1   .3  -.1  1.0   .2   .2   .2   .2   .4  1.0   .3   .2  1.0   .4   .8   .3   .3   .3   .8   .7   .4   .7   .7   .7   .3
   .7   .8  1.0   .4   .0  1.0   .2  -.1   .7   .2   .7   .2   .4   .4   .7   .4   .8  -.4   .3  -.1   .7   .7   .7   .3  1.0
   .3   .0   .3   .4   .3   .8
 =================================
 38GLY
   .0   .5   .3  1.1   .4   .2   .4   .4   .5  1.1   .5   .4  1.1   .5  1.1   .5   .5   .5  1.1   .8   .4   .7   .8   .8   .5
   .8  1.1  1.1   .4   .2  1.1   .6   .3   .8   .4   .7   .4   .5   .4   .7   .5  1.1  -.3   .5   .3   .7   .7   .8   .5  1.1
   .5   .2   .5   .4   .5  1.1
 =================================
 39VAL
  -.5   .0  -.7   .4 -1.0 -1.1 -1.0   .4   .4   .4   .0 -1.0   .4   .4   .5   .0   .0   .0   .5  -.4  -.8   .8  -.4  -.4   .0
  -.4   .5   .4  -.8 -1.1   .4   .0  -.7  -.4   .4   .8   .4   .4  -.8   .8   .4   .5 -1.1   .0  -.7   .8   .8  -.4   .0   .4
   .0 -1.1   .0  -.8   .0   .5
 =================================
 40ASP
   .1   .6  -.1   .6   .6   .5   .6   .7   .7   .6   .6   .6   .6   .7  1.4   .6   .6   .6  1.4  1.0   .8  1.2  1.0  1.0   .6
  1.0  1.4   .6   .8   .3   .6   .7  -.1  1.0   .7  1.2   .7   .7   .8  1.2   .7  1.4  -.3   .6  -.1  1.2  1.2  1.0   .6   .6
   .6   .3   .6   .8   .6  1.4
 =================================
 41GLY
   .0   .5   .3  1.1   .4   .2   .4   .4   .5  1.1   .5   .4  1.1   .5  1.1   .5   .5   .5  1.1   .8   .4   .7   .8   .8   .5
   .8  1.1  1.1   .4   .2  1.1   .6   .3   .8   .4   .7   .4   .5   .4   .7   .5  1.1  -.3   .5   .3   .7   .7   .8   .5  1.1
   .5   .2   .5   .4   .5  1.1
 =================================
 42GLU
   .1   .6   .1   .7   .5   .4   .5   .8  1.1   .7   .6   .5   .7  1.1  1.5   .6   .6   .6  1.5  1.0   .5  1.4  1.0  1.0   .6
  1.0  1.5   .7   .5   .1   .7   .8   .1  1.0   .8  1.4   .8  1.1   .5  1.4  1.1  1.5  -.2   .6   .1  1.4  1.4  1.0   .6   .7
   .6   .1   .6   .5   .6  1.5
 =================================
 43TRP
  -.9  -.6 -1.4  -.2 -1.4 -1.3 -1.4  -.4  -.3  -.2  -.6 -1.4  -.2  -.3  -.2  -.6  -.6  -.6  -.2  -.7 -1.1  -.3  -.7  -.7  -.6
  -.7  -.2  -.2 -1.1 -1.5  -.2  -.8 -1.4  -.7  -.4  -.3  -.4  -.3 -1.1  -.3  -.3  -.2 -1.5  -.6 -1.4  -.3  -.3  -.7  -.6  -.2
  -.6 -1.5  -.6 -1.1  -.6  -.2
 =================================
 44THR
  -.1   .3  -.1  1.0   .0  -.2   .0   .3   .5  1.0   .3   .0  1.0   .5   .6   .3   .3   .3   .6   .3   .0   .6   .3   .3   .3
   .3   .6  1.0   .0  -.3  1.0   .3  -.1   .3   .3   .6   .3   .5   .0   .6   .5   .6  -.6   .3  -.1   .6   .6   .3   .3  1.0
   .3  -.3   .3   .0   .3   .6
 =================================
 45TYR
  -.5  -.1  -.7   .2 -1.1 -1.0 -1.1  -.1   .3   .2  -.1 -1.1   .2   .3   .1  -.1  -.1  -.1   .1  -.4  -.7  -.1  -.4  -.4  -.1
  -.4   .1   .2  -.7 -1.2   .2  -.1  -.7  -.4  -.1  -.1  -.1   .3  -.7  -.1   .3   .1 -1.4  -.1  -.7  -.1  -.1  -.4  -.1   .2
  -.1 -1.2  -.1  -.7  -.1   .1
 =================================
 46ASP
   .1   .6  -.1   .6   .6   .5   .6   .7   .7   .6   .6   .6   .6   .7  1.4   .6   .6   .6  1.4  1.0   .8  1.2  1.0  1.0   .6
  1.0  1.4   .6   .8   .3   .6   .7  -.1  1.0   .7  1.2   .7   .7   .8  1.2   .7  1.4  -.3   .6  -.1  1.2  1.2  1.0   .6   .6
   .6   .3   .6   .8   .6  1.4
 =================================
 47ASP
   .1   .6  -.1   .6   .6   .5   .6   .7   .7   .6   .6   .6   .6   .7  1.4   .6   .6   .6  1.4  1.0   .8  1.2  1.0  1.0   .6
  1.0  1.4   .6   .8   .3   .6   .7  -.1  1.0   .7  1.2   .7   .7   .8  1.2   .7  1.4  -.3   .6  -.1  1.2  1.2  1.0   .6   .6
   .6   .3   .6   .8   .6  1.4
 =================================
 48ALA
  -.2   .3  -.4   .9  -.5  -.6  -.5   .7   .8   .9   .3  -.5   .9   .8  1.0   .3   .3   .3  1.0   .3  -.4  1.0   .3   .3   .3
   .3  1.0   .9  -.4  -.4   .9   .3  -.4   .3   .7  1.0   .7   .8  -.4  1.0   .8  1.0  -.7   .3  -.4  1.0  1.0   .3   .3   .9
   .3  -.4   .3  -.4   .3  1.0
 =================================
 49THR
  -.1   .3  -.1  1.0   .0  -.2   .0   .3   .5  1.0   .3   .0  1.0   .5   .6   .3   .3   .3   .6   .3   .0   .6   .3   .3   .3
   .3   .6  1.0   .0  -.3  1.0   .3  -.1   .3   .3   .6   .3   .5   .0   .6   .5   .6  -.6   .3  -.1   .6   .6   .3   .3  1.0
   .3  -.3   .3   .0   .3   .6
 =================================
 50LYS
  -.1  1.0   .2  2.2   .2   .2   .2  1.0  1.1  2.2  1.0   .2  2.2  1.1   .7  1.0  1.0  1.0   .7   .9   .4   .6   .9   .9  1.0
   .9   .7  2.2   .4  -.2  2.2   .9   .2   .9  1.0   .6  1.0  1.1   .4   .6  1.1   .7  -.2  1.0   .2   .6   .6   .9  1.0  2.2
  1.0  -.2  1.0   .4  1.0   .7
 =================================
 51THR
  -.1   .3  -.1  1.0   .0  -.2   .0   .3   .5  1.0   .3   .0  1.0   .5   .6   .3   .3   .3   .6   .3   .0   .6   .3   .3   .3
   .3   .6  1.0   .0  -.3  1.0   .3  -.1   .3   .3   .6   .3   .5   .0   .6   .5   .6  -.6   .3  -.1   .6   .6   .3   .3  1.0
   .3  -.3   .3   .0   .3   .6
 =================================
 52PHE
  -.7  -.3 -1.2  -.2 -1.2 -1.2 -1.2   .0   .2  -.2  -.3 -1.2  -.2   .2   .1  -.3  -.3  -.3   .1  -.4 -1.1   .3  -.4  -.4  -.3
  -.4   .1  -.2 -1.1 -1.4  -.2  -.3 -1.2  -.4   .0   .3   .0   .2 -1.1   .3   .2   .1 -1.5  -.3 -1.2   .3   .3  -.4  -.3  -.2
  -.3 -1.4  -.3 -1.1  -.3   .1
 =================================
 53THR
  -.1   .3  -.1  1.0   .0  -.2   .0   .3   .5  1.0   .3   .0  1.0   .5   .6   .3   .3   .3   .6   .3   .0   .6   .3   .3   .3
   .3   .6  1.0   .0  -.3  1.0   .3  -.1   .3   .3   .6   .3   .5   .0   .6   .5   .6  -.6   .3  -.1   .6   .6   .3   .3  1.0
   .3  -.3   .3   .0   .3   .6
 =================================
 54VAL
  -.5   .0  -.7   .4 -1.0 -1.1 -1.0   .4   .4   .4   .0 -1.0   .4   .4   .5   .0   .0   .0   .5  -.4  -.8   .8  -.4  -.4   .0
  -.4   .5   .4  -.8 -1.1   .4   .0  -.7  -.4   .4   .8   .4   .4  -.8   .8   .4   .5 -1.1   .0  -.7   .8   .8  -.4   .0   .4
   .0 -1.1   .0  -.8   .0   .5
 =================================
 55THR
  -.1   .3  -.1  1.0   .0  -.2   .0   .3   .5  1.0   .3   .0  1.0   .5   .6   .3   .3   .3   .6   .3   .0   .6   .3   .3   .3
   .3   .6  1.0   .0  -.3  1.0   .3  -.1   .3   .3   .6   .3   .5   .0   .6   .5   .6  -.6   .3  -.1   .6   .6   .3   .3  1.0
   .3  -.3   .3   .0   .3   .6
 =================================
 56GLU
   .1   .6   .1   .7   .5   .4   .5   .8  1.1   .7   .6   .5   .7  1.1  1.5   .6   .6   .6  1.5  1.0   .5  1.4  1.0  1.0   .6
  1.0  1.5   .7   .5   .1   .7   .8   .1  1.0   .8  1.4   .8  1.1   .5  1.4  1.1  1.5  -.2   .6   .1  1.4  1.4  1.0   .6   .7
   .6   .1   .6   .5   .6  1.5
 =================================
 1MET
  -.7  -.2  -.6  -.1  -.5  -.4  -.5  -.2   .1  -.1  -.2  -.5  -.1   .1   .0  -.2  -.2  -.2   .0  -.1  -.4   .1  -.1  -.1  -.2
  -.1   .0  -.1  -.4  -.6  -.1  -.3  -.6  -.1  -.2   .1  -.2   .1  -.4   .1   .1   .0  -.9  -.2  -.6   .1   .1  -.1  -.2  -.1
  -.2  -.6  -.2  -.4  -.2   .0
 =================================
 2THR
  -.2   .1  -.2   .5   .0  -.1   .0   .2   .6   .5   .1   .0   .5   .6   .1   .1   .1   .1   .1   .5   .0   .1   .5   .5   .1
   .5   .1   .5   .0  -.4   .5   .0  -.2   .5   .2   .1   .2   .6   .0   .1   .6   .1  -.7   .1  -.2   .1   .1   .5   .1   .5
   .1  -.4   .1   .0   .1   .1
 =================================
 3TYR
  -.6  -.2  -.8  -.2  -.9  -.9  -.9  -.4   .0  -.2  -.2  -.9  -.2   .0  -.3  -.2  -.2  -.2  -.3  -.4  -.7  -.3  -.4  -.4  -.2
  -.4  -.3  -.2  -.7 -1.0  -.2  -.4  -.8  -.4  -.4  -.3  -.4   .0  -.7  -.3   .0  -.3 -1.4  -.2  -.8  -.3  -.3  -.4  -.2  -.2
  -.2 -1.0  -.2  -.7  -.2  -.3
 =================================
 4LYS
  -.1   .5  -.2   .8   .3   .3   .3   .3   .5   .8   .5   .3   .8   .5  -.2   .5   .5   .5  -.2   .9   .5  -.1   .9   .9   .5
   .9  -.2   .8   .5   .2   .8   .1  -.2   .9   .3  -.1   .3   .5   .5  -.1   .5  -.2  -.5   .5  -.2  -.1  -.1   .9   .5   .8
   .5   .2   .5   .5   .5  -.2
 =================================
 5LEU
  -.5   .0  -.9   .3 -1.1 -1.1 -1.1   .2   .6   .3   .0 -1.1   .3   .6   .5   .0   .0   .0   .5  -.2  -.9   .5  -.2  -.2   .0
  -.2   .5   .3  -.9 -1.1   .3   .1  -.9  -.2   .2   .5   .2   .6  -.9   .5   .6   .5 -1.3   .0  -.9   .5   .5  -.2   .0   .3
   .0 -1.1   .0  -.9   .0   .5
 =================================
 6ILE
  -.4  -.1  -.9   .3 -1.1  -.9 -1.1   .2   .4   .3  -.1 -1.1   .3   .4   .4  -.1  -.1  -.1   .4  -.3  -.8   .6  -.3  -.3  -.1
  -.3   .4   .3  -.8 -1.1   .3   .0  -.9  -.3   .2   .6   .2   .4  -.8   .6   .4   .4 -1.3  -.1  -.9   .6   .6  -.3  -.1   .3
  -.1 -1.1  -.1  -.8  -.1   .4
 =================================
 7LEU
  -.5   .0  -.9   .3 -1.1 -1.1 -1.1   .2   .6   .3   .0 -1.1   .3   .6   .5   .0   .0   .0   .5  -.2  -.9   .5  -.2  -.2   .0
  -.2   .5   .3  -.9 -1.1   .3   .1  -.9  -.2   .2   .5   .2   .6  -.9   .5   .6   .5 -1.3   .0  -.9   .5   .5  -.2   .0   .3
   .0 -1.1   .0  -.9   .0   .5
 =================================
 8ASN
  -.2   .2  -.4   .3   .2   .2   .2  -.2   .3   .3   .2   .2   .3   .3   .2   .2   .2   .2   .2   .7   .4   .1   .7   .7   .2
   .7   .2   .3   .4  -.2   .3  -.1  -.4   .7  -.2   .1  -.2   .3   .4   .1   .3   .2  -.6   .2  -.4   .1   .1   .7   .2   .3
   .2  -.2   .2   .4   .2   .2
 =================================
 9GLY
   .1   .6   .0   .5   .6   .4   .6   .3  1.0   .5   .6   .6   .5  1.0  1.0   .6   .6   .6  1.0  1.2   .7   .6  1.2  1.2   .6
  1.2  1.0   .5   .7   .2   .5   .4   .0  1.2   .3   .6   .3  1.0   .7   .6  1.0  1.0  -.3   .6   .0   .6   .6  1.2   .6   .5
   .6   .2   .6   .7   .6  1.0
 =================================
 10LYS
  -.1   .5  -.2   .8   .3   .3   .3   .3   .5   .8   .5   .3   .8   .5  -.2   .5   .5   .5  -.2   .9   .5  -.1   .9   .9   .5
   .9  -.2   .8   .5   .2   .8   .1  -.2   .9   .3  -.1   .3   .5   .5  -.1   .5  -.2  -.5   .5  -.2  -.1  -.1   .9   .5   .8
   .5   .2   .5   .5   .5  -.2
 =================================
 11THR
  -.2   .1  -.2   .5   .0  -.1   .0   .2   .6   .5   .1   .0   .5   .6   .1   .1   .1   .1   .1   .5   .0   .1   .5   .5   .1
   .5   .1   .5   .0  -.4   .5   .0  -.2   .5   .2   .1   .2   .6   .0   .1   .6   .1  -.7   .1  -.2   .1   .1   .5   .1   .5
   .1  -.4   .1   .0   .1   .1
 =================================
 12LEU
  -.5   .0  -.9   .3 -1.1 -1.1 -1.1   .2   .6   .3   .0 -1.1   .3   .6   .5   .0   .0   .0   .5  -.2  -.9   .5  -.2  -.2   .0
  -.2   .5   .3  -.9 -1.1   .3   .1  -.9  -.2   .2   .5   .2   .6  -.9   .5   .6   .5 -1.3   .0  -.9   .5   .5  -.2   .0   .3
   .0 -1.1   .0  -.9   .0   .5
 =================================
 13LYS
  -.1   .5  -.2   .8   .3   .3   .3   .3   .5   .8   .5   .3   .8   .5  -.2   .5   .5   .5  -.2   .9   .5  -.1   .9   .9   .5
   .9  -.2   .8   .5   .2   .8   .1  -.2   .9   .3  -.1   .3   .5   .5  -.1   .5  -.2  -.5   .5  -.2  -.1  -.1   .9   .5   .8
   .5   .2   .5   .5   .5  -.2
 =================================
 14GLY
   .1   .6   .0   .5   .6   .4   .6   .3  1.0   .5   .6   .6   .5  1.0  1.0   .6   .6   .6  1.0  1.2   .7   .6  1.2  1.2   .6
  1.2  1.0   .5   .7   .2   .5   .4   .0  1.2   .3   .6   .3  1.0   .7   .6  1.0  1.0  -.3   .6   .0   .6   .6  1.2   .6   .5
   .6   .2   .6   .7   .6  1.0
 =================================
 15GLU
   .0   .1  -.3  -.2   .5   .4   .5   .2  1.0  -.2   .1   .5  -.2  1.0   .7   .1   .1   .1   .7  1.0   .5   .7  1.0  1.0   .1
  1.0   .7  -.2   .5   .1  -.2   .2  -.3  1.0   .2   .7   .2  1.0   .5   .7  1.0   .7  -.6   .1  -.3   .7   .7  1.0   .1  -.2
   .1   .1   .1   .5   .1   .7
 =================================
 16THR
  -.2   .1  -.2   .5   .0  -.1   .0   .2   .6   .5   .1   .0   .5   .6   .1   .1   .1   .1   .1   .5   .0   .1   .5   .5   .1
   .5   .1   .5   .0  -.4   .5   .0  -.2   .5   .2   .1   .2   .6   .0   .1   .6   .1  -.7   .1  -.2   .1   .1   .5   .1   .5
   .1  -.4   .1   .0   .1   .1
 =================================
 17THR
  -.2   .1  -.2   .5   .0  -.1   .0   .2   .6   .5   .1   .0   .5   .6   .1   .1   .1   .1   .1   .5   .0   .1   .5   .5   .1
   .5   .1   .5   .0  -.4   .5   .0  -.2   .5   .2   .1   .2   .6   .0   .1   .6   .1  -.7   .1  -.2   .1   .1   .5   .1   .5
   .1  -.4   .1   .0   .1   .1
 =================================
 18THR
  -.2   .1  -.2   .5   .0  -.1   .0   .2   .6   .5   .1   .0   .5   .6   .1   .1   .1   .1   .1   .5   .0   .1   .5   .5   .1
   .5   .1   .5   .0  -.4   .5   .0  -.2   .5   .2   .1   .2   .6   .0   .1   .6   .1  -.7   .1  -.2   .1   .1   .5   .1   .5
   .1  -.4   .1   .0   .1   .1
 =================================
 19GLU
   .0   .1  -.3  -.2   .5   .4   .5   .2  1.0  -.2   .1   .5  -.2  1.0   .7   .1   .1   .1   .7  1.0   .5   .7  1.0  1.0   .1
  1.0   .7  -.2   .5   .1  -.2   .2  -.3  1.0   .2   .7   .2  1.0   .5   .7  1.0   .7  -.6   .1  -.3   .7   .7  1.0   .1  -.2
   .1   .1   .1   .5   .1   .7
 =================================
 20ALA
  -.1   .5  -.4   .9  -.2  -.3  -.2   .7  1.2   .9   .5  -.2   .9  1.2  1.0   .5   .5   .5  1.0   .6   .0   .9   .6   .6   .5
   .6  1.0   .9   .0  -.3   .9   .3  -.4   .6   .7   .9   .7  1.2   .0   .9  1.2  1.0  -.7   .5  -.4   .9   .9   .6   .5   .9
   .5  -.3   .5   .0   .5  1.0
 =================================
 21VAL
  -.4   .0  -.7   .5  -.9  -.8  -.9   .4   .7   .5   .0  -.9   .5   .7   .5   .0   .0   .0   .5   .0  -.4   .6   .0   .0   .0
   .0   .5   .5  -.4  -.8   .5   .1  -.7   .0   .4   .6   .4   .7  -.4   .6   .7   .5 -1.1   .0  -.7   .6   .6   .0   .0   .5
   .0  -.8   .0  -.4   .0   .5
 =================================
 22ASP
   .1   .1  -.3  -.1   .5   .6   .5   .1   .6  -.1   .1   .5  -.1   .6   .7   .1   .1   .1   .7   .9   .6   .2   .9   .9   .1
   .9   .7  -.1   .6   .1  -.1   .0  -.3   .9   .1   .2   .1   .6   .6   .2   .6   .7  -.6   .1  -.3   .2   .2   .9   .1  -.1
   .1   .1   .1   .6   .1   .7
 =================================
 23ALA
  -.1   .5  -.4   .9  -.2  -.3  -.2   .7  1.2   .9   .5  -.2   .9  1.2  1.0   .5   .5   .5  1.0   .6   .0   .9   .6   .6   .5
   .6  1.0   .9   .0  -.3   .9   .3  -.4   .6   .7   .9   .7  1.2   .0   .9  1.2  1.0  -.7   .5  -.4   .9   .9   .6   .5   .9
   .5  -.3   .5   .0   .5  1.0
 =================================
 24ALA
  -.1   .5  -.4   .9  -.2  -.3  -.2   .7  1.2   .9   .5  -.2   .9  1.2  1.0   .5   .5   .5  1.0   .6   .0   .9   .6   .6   .5
   .6  1.0   .9   .0  -.3   .9   .3  -.4   .6   .7   .9   .7  1.2   .0   .9  1.2  1.0  -.7   .5  -.4   .9   .9   .6   .5   .9
   .5  -.3   .5   .0   .5  1.0
 =================================
 25THR
  -.2   .1  -.2   .5   .0  -.1   .0   .2   .6   .5   .1   .0   .5   .6   .1   .1   .1   .1   .1   .5   .0   .1   .5   .5   .1
   .5   .1   .5   .0  -.4   .5   .0  -.2   .5   .2   .1   .2   .6   .0   .1   .6   .1  -.7   .1  -.2   .1   .1   .5   .1   .5
   .1  -.4   .1   .0   .1   .1
 =================================
 26ALA
  -.1   .5  -.4   .9  -.2  -.3  -.2   .7  1.2   .9   .5  -.2   .9  1.2  1.0   .5   .5   .5  1.0   .6   .0   .9   .6   .6   .5
   .6  1.0   .9   .0  -.3   .9   .3  -.4   .6   .7   .9   .7  1.2   .0   .9  1.2  1.0  -.7   .5  -.4   .9   .9   .6   .5   .9
   .5  -.3   .5   .0   .5  1.0
 =================================
 27GLU
   .0   .1  -.3  -.2   .5   .4   .5   .2  1.0  -.2   .1   .5  -.2  1.0   .7   .1   .1   .1   .7  1.0   .5   .7  1.0  1.0   .1
  1.0   .7  -.2   .5   .1  -.2   .2  -.3  1.0   .2   .7   .2  1.0   .5   .7  1.0   .7  -.6   .1  -.3   .7   .7  1.0   .1  -.2
   .1   .1   .1   .5   .1   .7
 =================================
 28LYS
  -.1   .5  -.2   .8   .3   .3   .3   .3   .5   .8   .5   .3   .8   .5  -.2   .5   .5   .5  -.2   .9   .5  -.1   .9   .9   .5
   .9  -.2   .8   .5   .2   .8   .1  -.2   .9   .3  -.1   .3   .5   .5  -.1   .5  -.2  -.5   .5  -.2  -.1  -.1   .9   .5   .8
   .5   .2   .5   .5   .5  -.2
 =================================
 29VAL
  -.4   .0  -.7   .5  -.9  -.8  -.9   .4   .7   .5   .0  -.9   .5   .7   .5   .0   .0   .0   .5   .0  -.4   .6   .0   .0   .0
   .0   .5   .5  -.4  -.8   .5   .1  -.7   .0   .4   .6   .4   .7  -.4   .6   .7   .5 -1.1   .0  -.7   .6   .6   .0   .0   .5
   .0  -.8   .0  -.4   .0   .5
 =================================
 30PHE
  -.6  -.4 -1.0   .2 -1.1 -1.1 -1.1  -.2   .2   .2  -.4 -1.1   .2   .2   .1  -.4  -.4  -.4   .1  -.3  -.8   .1  -.3  -.3  -.4
  -.3   .1   .2  -.8 -1.4   .2  -.3 -1.0  -.3  -.2   .1  -.2   .2  -.8   .1   .2   .1 -1.4  -.4 -1.0   .1   .1  -.3  -.4   .2
  -.4 -1.4  -.4  -.8  -.4   .1
 =================================
 31LYS
  -.1   .5  -.2   .8   .3   .3   .3   .3   .5   .8   .5   .3   .8   .5  -.2   .5   .5   .5  -.2   .9   .5  -.1   .9   .9   .5
   .9  -.2   .8   .5   .2   .8   .1  -.2   .9   .3  -.1   .3   .5   .5  -.1   .5  -.2  -.5   .5  -.2  -.1  -.1   .9   .5   .8
   .5   .2   .5   .5   .5  -.2
 =================================
 32GLN
  -.3   .0  -.4   .1   .1   .0   .1  -.1   .4   .1   .0   .1   .1   .4   .2   .0   .0   .0   .2   .3   .1   .0   .3   .3   .0
   .3   .2   .1   .1  -.3   .1  -.4  -.4   .3  -.1   .0  -.1   .4   .1   .0   .4   .2  -.9   .0  -.4   .0   .0   .3   .0   .1
   .0  -.3   .0   .1   .0   .2
 =================================
 33TYR
  -.6  -.2  -.8  -.2  -.9  -.9  -.9  -.4   .0  -.2  -.2  -.9  -.2   .0  -.3  -.2  -.2  -.2  -.3  -.4  -.7  -.3  -.4  -.4  -.2
  -.4  -.3  -.2  -.7 -1.0  -.2  -.4  -.8  -.4  -.4  -.3  -.4   .0  -.7  -.3   .0  -.3 -1.4  -.2  -.8  -.3  -.3  -.4  -.2  -.2
  -.2 -1.0  -.2  -.7  -.2  -.3
 =================================
 34ALA
  -.1   .5  -.4   .9  -.2  -.3  -.2   .7  1.2   .9   .5  -.2   .9  1.2  1.0   .5   .5   .5  1.0   .6   .0   .9   .6   .6   .5
   .6  1.0   .9   .0  -.3   .9   .3  -.4   .6   .7   .9   .7  1.2   .0   .9  1.2  1.0  -.7   .5  -.4   .9   .9   .6   .5   .9
   .5  -.3   .5   .0   .5  1.0
 =================================
 35ASN
  -.2   .2  -.4   .3   .2   .2   .2  -.2   .3   .3   .2   .2   .3   .3   .2   .2   .2   .2   .2   .7   .4   .1   .7   .7   .2
   .7   .2   .3   .4  -.2   .3  -.1  -.4   .7  -.2   .1  -.2   .3   .4   .1   .3   .2  -.6   .2  -.4   .1   .1   .7   .2   .3
   .2  -.2   .2   .4   .2   .2
 =================================
 36ASP
   .1   .1  -.3  -.1   .5   .6   .5   .1   .6  -.1   .1   .5  -.1   .6   .7   .1   .1   .1   .7   .9   .6   .2   .9   .9   .1
   .9   .7  -.1   .6   .1  -.1   .0  -.3   .9   .1   .2   .1   .6   .6   .2   .6   .7  -.6   .1  -.3   .2   .2   .9   .1  -.1
   .1   .1   .1   .6   .1   .7
 =================================
 37ASN
  -.2   .2  -.4   .3   .2   .2   .2  -.2   .3   .3   .2   .2   .3   .3   .2   .2   .2   .2   .2   .7   .4   .1   .7   .7   .2
   .7   .2   .3   .4  -.2   .3  -.1  -.4   .7  -.2   .1  -.2   .3   .4   .1   .3   .2  -.6   .2  -.4   .1   .1   .7   .2   .3
   .2  -.2   .2   .4   .2   .2
 =================================
 38GLY
   .1   .6   .0   .5   .6   .4   .6   .3  1.0   .5   .6   .6   .5  1.0  1.0   .6   .6   .6  1.0  1.2   .7   .6  1.2  1.2   .6
  1.2  1.0   .5   .7   .2   .5   .4   .0  1.2   .3   .6   .3  1.0   .7   .6  1.0  1.0  -.3   .6   .0   .6   .6  1.2   .6   .5
   .6   .2   .6   .7   .6  1.0
 =================================
 39VAL
  -.4   .0  -.7   .5  -.9  -.8  -.9   .4   .7   .5   .0  -.9   .5   .7   .5   .0   .0   .0   .5   .0  -.4   .6   .0   .0   .0
   .0   .5   .5  -.4  -.8   .5   .1  -.7   .0   .4   .6   .4   .7  -.4   .6   .7   .5 -1.1   .0  -.7   .6   .6   .0   .0   .5
   .0  -.8   .0  -.4   .0   .5
 =================================
 40ASP
   .1   .1  -.3  -.1   .5   .6   .5   .1   .6  -.1   .1   .5  -.1   .6   .7   .1   .1   .1   .7   .9   .6   .2   .9   .9   .1
   .9   .7  -.1   .6   .1  -.1   .0  -.3   .9   .1   .2   .1   .6   .6   .2   .6   .7  -.6   .1  -.3   .2   .2   .9   .1  -.1
   .1   .1   .1   .6   .1   .7
 =================================
 41GLY
   .1   .6   .0   .5   .6   .4   .6   .3  1.0   .5   .6   .6   .5  1.0  1.0   .6   .6   .6  1.0  1.2   .7   .6  1.2  1.2   .6
  1.2  1.0   .5   .7   .2   .5   .4   .0  1.2   .3   .6   .3  1.0   .7   .6  1.0  1.0  -.3   .6   .0   .6   .6  1.2   .6   .5
   .6   .2   .6   .7   .6  1.0
 =================================
 42GLU
   .0   .1  -.3  -.2   .5   .4   .5   .2  1.0  -.2   .1   .5  -.2  1.0   .7   .1   .1   .1   .7  1.0   .5   .7  1.0  1.0   .1
  1.0   .7  -.2   .5   .1  -.2   .2  -.3  1.0   .2   .7   .2  1.0   .5   .7  1.0   .7  -.6   .1  -.3   .7   .7  1.0   .1  -.2
   .1   .1   .1   .5   .1   .7
 =================================
 43TRP
  -.9  -.7 -1.4  -.5 -1.3 -1.3 -1.3  -.6  -.3  -.5  -.7 -1.3  -.5  -.3  -.6  -.7  -.7  -.7  -.6  -.7 -1.1  -.6  -.7  -.7  -.7
  -.7  -.6  -.5 -1.1 -1.4  -.5  -.9 -1.4  -.7  -.6  -.6  -.6  -.3 -1.1  -.6  -.3  -.6 -2.0  -.7 -1.4  -.6  -.6  -.7  -.7  -.5
  -.7 -1.4  -.7 -1.1  -.7  -.6
 =================================
 44THR
  -.2   .1  -.2   .5   .0  -.1   .0   .2   .6   .5   .1   .0   .5   .6   .1   .1   .1   .1   .1   .5   .0   .1   .5   .5   .1
   .5   .1   .5   .0  -.4   .5   .0  -.2   .5   .2   .1   .2   .6   .0   .1   .6   .1  -.7   .1  -.2   .1   .1   .5   .1   .5
   .1  -.4   .1   .0   .1   .1
 =================================
 45TYR
  -.6  -.2  -.8  -.2  -.9  -.9  -.9  -.4   .0  -.2  -.2  -.9  -.2   .0  -.3  -.2  -.2  -.2  -.3  -.4  -.7  -.3  -.4  -.4  -.2
  -.4  -.3  -.2  -.7 -1.0  -.2  -.4  -.8  -.4  -.4  -.3  -.4   .0  -.7  -.3   .0  -.3 -1.4  -.2  -.8  -.3  -.3  -.4  -.2  -.2
  -.2 -1.0  -.2  -.7  -.2  -.3
 =================================
 46ASP
   .1   .1  -.3  -.1   .5   .6   .5   .1   .6  -.1   .1   .5  -.1   .6   .7   .1   .1   .1   .7   .9   .6   .2   .9   .9   .1
   .9   .7  -.1   .6   .1  -.1   .0  -.3   .9   .1   .2   .1   .6   .6   .2   .6   .7  -.6   .1  -.3   .2   .2   .9   .1  -.1
   .1   .1   .1   .6   .1   .7
 =================================
 47ASP
   .1   .1  -.3  -.1   .5   .6   .5   .1   .6  -.1   .1   .5  -.1   .6   .7   .1   .1   .1   .7   .9   .6   .2   .9   .9   .1
   .9   .7  -.1   .6   .1  -.1   .0  -.3   .9   .1   .2   .1   .6   .6   .2   .6   .7  -.6   .1  -.3   .2   .2   .9   .1  -.1
   .1   .1   .1   .6   .1   .7
 =================================
 48ALA
  -.1   .5  -.4   .9  -.2  -.3  -.2   .7  1.2   .9   .5  -.2   .9  1.2  1.0   .5   .5   .5  1.0   .6   .0   .9   .6   .6   .5
   .6  1.0   .9   .0  -.3   .9   .3  -.4   .6   .7   .9   .7  1.2   .0   .9  1.2  1.0  -.7   .5  -.4   .9   .9   .6   .5   .9
   .5  -.3   .5   .0   .5  1.0
 =================================
 49THR
  -.2   .1  -.2   .5   .0  -.1   .0   .2   .6   .5   .1   .0   .5   .6   .1   .1   .1   .1   .1   .5   .0   .1   .5   .5   .1
   .5   .1   .5   .0  -.4   .5   .0  -.2   .5   .2   .1   .2   .6   .0   .1   .6   .1  -.7   .1  -.2   .1   .1   .5   .1   .5
   .1  -.4   .1   .0   .1   .1
 =================================
 50LYS
  -.1   .5  -.2   .8   .3   .3   .3   .3   .5   .8   .5   .3   .8   .5  -.2   .5   .5   .5  -.2   .9   .5  -.1   .9   .9   .5
   .9  -.2   .8   .5   .2   .8   .1  -.2   .9   .3  -.1   .3   .5   .5  -.1   .5  -.2  -.5   .5  -.2  -.1  -.1   .9   .5   .8
   .5   .2   .5   .5   .5  -.2
 =================================
 51THR
  -.2   .1  -.2   .5   .0  -.1   .0   .2   .6   .5   .1   .0   .5   .6   .1   .1   .1   .1   .1   .5   .0   .1   .5   .5   .1
   .5   .1   .5   .0  -.4   .5   .0  -.2   .5   .2   .1   .2   .6   .0   .1   .6   .1  -.7   .1  -.2   .1   .1   .5   .1   .5
   .1  -.4   .1   .0   .1   .1
 =================================
 52PHE
  -.6  -.4 -1.0   .2 -1.1 -1.1 -1.1  -.2   .2   .2  -.4 -1.1   .2   .2   .1  -.4  -.4  -.4   .1  -.3  -.8   .1  -.3  -.3  -.4
  -.3   .1   .2  -.8 -1.4   .2  -.3 -1.0  -.3  -.2   .1  -.2   .2  -.8   .1   .2   .1 -1.4  -.4 -1.0   .1   .1  -.3  -.4   .2
  -.4 -1.4  -.4  -.8  -.4   .1
 =================================
 53THR
  -.2   .1  -.2   .5   .0  -.1   .0   .2   .6   .5   .1   .0   .5   .6   .1   .1   .1   .1   .1   .5   .0   .1   .5   .5   .1
   .5   .1   .5   .0  -.4   .5   .0  -.2   .5   .2   .1   .2   .6   .0   .1   .6   .1  -.7   .1  -.2   .1   .1   .5   .1   .5
   .1  -.4   .1   .0   .1   .1
 =================================
 54VAL
  -.4   .0  -.7   .5  -.9  -.8  -.9   .4   .7   .5   .0  -.9   .5   .7   .5   .0   .0   .0   .5   .0  -.4   .6   .0   .0   .0
   .0   .5   .5  -.4  -.8   .5   .1  -.7   .0   .4   .6   .4   .7  -.4   .6   .7   .5 -1.1   .0  -.7   .6   .6   .0   .0   .5
   .0  -.8   .0  -.4   .0   .5
 =================================
 55THR
  -.2   .1  -.2   .5   .0  -.1   .0   .2   .6   .5   .1   .0   .5   .6   .1   .1   .1   .1   .1   .5   .0   .1   .5   .5   .1
   .5   .1   .5   .0  -.4   .5   .0  -.2   .5   .2   .1   .2   .6   .0   .1   .6   .1  -.7   .1  -.2   .1   .1   .5   .1   .5
   .1  -.4   .1   .0   .1   .1
 =================================
 56GLU
   .0   .1  -.3  -.2   .5   .4   .5   .2  1.0  -.2   .1   .5  -.2  1.0   .7   .1   .1   .1   .7  1.0   .5   .7  1.0  1.0   .1
  1.0   .7  -.2   .5   .1  -.2   .2  -.3  1.0   .2   .7   .2  1.0   .5   .7  1.0   .7  -.6   .1  -.3   .7   .7  1.0   .1  -.2
   .1   .1   .1   .5   .1   .7
 =================================
 1MET
  -.7  -.2  -.4  -.1  -.5  -.5  -.5  -.2   .3  -.1  -.2  -.5  -.1   .3  -.1  -.2  -.2  -.2  -.1   .0  -.4  -.1   .0   .0  -.2
   .0  -.1  -.1  -.4  -.6  -.1  -.2  -.4   .0  -.2  -.1  -.2   .3  -.4  -.1   .3  -.1  -.7  -.2  -.4  -.1  -.1   .0  -.2  -.1
  -.2  -.6  -.2  -.4  -.2  -.1
 =================================
 2THR
  -.2  -.3  -.2   .0   .0  -.3   .0  -.1   .7   .0  -.3   .0   .0   .7  -.1  -.3  -.3  -.3  -.1   .7  -.3  -.1   .7   .7  -.3
   .7  -.1   .0  -.3  -.2   .0  -.1  -.2   .7  -.1  -.1  -.1   .7  -.3  -.1   .7  -.1  -.5  -.3  -.2  -.1  -.1   .7  -.3   .0
  -.3  -.2  -.3  -.3  -.3  -.1
 =================================
 3TYR
  -.4  -.2  -.8  -.6  -.7  -.8  -.7  -.3   .4  -.6  -.2  -.7  -.6   .4  -.2  -.2  -.2  -.2  -.2   .0  -.7  -.1   .0   .0  -.2
   .0  -.2  -.6  -.7  -.9  -.6  -.5  -.8   .0  -.3  -.1  -.3   .4  -.7  -.1   .4  -.2 -1.1  -.2  -.8  -.1  -.1   .0  -.2  -.6
  -.2  -.9  -.2  -.7  -.2  -.2
 =================================
 4LYS
  -.1   .0  -.6   .0   .3   .1   .3  -.2   .5   .0   .0   .3   .0   .5  -.9   .0   .0   .0  -.9   .7   .2  -.6   .7   .7   .0
   .7  -.9   .0   .2   .3   .0  -.4  -.6   .7  -.2  -.6  -.2   .5   .2  -.6   .5  -.9  -.7   .0  -.6  -.6  -.6   .7   .0   .0
   .0   .3   .0   .2   .0  -.9
 =================================
 5LEU
  -.5   .0  -.7   .3 -1.0 -1.2 -1.0   .2   .8   .3   .0 -1.0   .3   .8   .3   .0   .0   .0   .3   .3  -.9   .5   .3   .3   .0
   .3   .3   .3  -.9  -.9   .3   .0  -.7   .3   .2   .5   .2   .8  -.9   .5   .8   .3  -.9   .0  -.7   .5   .5   .3   .0   .3
   .0  -.9   .0  -.9   .0   .3
 =================================
 6ILE
  -.5  -.3  -.8   .1 -1.2 -1.2 -1.2   .2   .5   .1  -.3 -1.2   .1   .5   .2  -.3  -.3  -.3   .2  -.1 -1.1   .4  -.1  -.1  -.3
  -.1   .2   .1 -1.1 -1.0   .1  -.2  -.8  -.1   .2   .4   .2   .5 -1.1   .4   .5   .2 -1.0  -.3  -.8   .4   .4  -.1  -.3   .1
  -.3 -1.0  -.3 -1.1  -.3   .2
 =================================
 7LEU
  -.5   .0  -.7   .3 -1.0 -1.2 -1.0   .2   .8   .3   .0 -1.0   .3   .8   .3   .0   .0   .0   .3   .3  -.9   .5   .3   .3   .0
   .3   .3   .3  -.9  -.9   .3   .0  -.7   .3   .2   .5   .2   .8  -.9   .5   .8   .3  -.9   .0  -.7   .5   .5   .3   .0   .3
   .0  -.9   .0  -.9   .0   .3
 =================================
 8ASN
  -.2  -.1  -.3  -.2   .2   .2   .2  -.4   .5  -.2  -.1   .2  -.2   .5  -.1  -.1  -.1  -.1  -.1   .7   .2  -.3   .7   .7  -.1
   .7  -.1  -.2   .2   .0  -.2  -.4  -.3   .7  -.4  -.3  -.4   .5   .2  -.3   .5  -.1  -.7  -.1  -.3  -.3  -.3   .7  -.1  -.2
  -.1   .0  -.1   .2  -.1  -.1
 =================================
 9GLY
   .3   .7   .4   .5   .8   .5   .8   .5  2.1   .5   .7   .8   .5  2.1   .7   .7   .7   .7   .7  1.6   .9   .8  1.6  1.6   .7
  1.6   .7   .5   .9   .6   .5   .5   .4  1.6   .5   .8   .5  2.1   .9   .8  2.1   .7   .0   .7   .4   .8   .8  1.6   .7   .5
   .7   .6   .7   .9   .7   .7
 =================================
 10LYS
  -.1   .0  -.6   .0   .3   .1   .3  -.2   .5   .0   .0   .3   .0   .5  -.9   .0   .0   .0  -.9   .7   .2  -.6   .7   .7   .0
   .7  -.9   .0   .2   .3   .0  -.4  -.6   .7  -.2  -.6  -.2   .5   .2  -.6   .5  -.9  -.7   .0  -.6  -.6  -.6   .7   .0   .0
   .0   .3   .0   .2   .0  -.9
 =================================
 11THR
  -.2  -.3  -.2   .0   .0  -.3   .0  -.1   .7   .0  -.3   .0   .0   .7  -.1  -.3  -.3  -.3  -.1   .7  -.3  -.1   .7   .7  -.3
   .7  -.1   .0  -.3  -.2   .0  -.1  -.2   .7  -.1  -.1  -.1   .7  -.3  -.1   .7  -.1  -.5  -.3  -.2  -.1  -.1   .7  -.3   .0
  -.3  -.2  -.3  -.3  -.3  -.1
 =================================
 12LEU
  -.5   .0  -.7   .3 -1.0 -1.2 -1.0   .2   .8   .3   .0 -1.0   .3   .8   .3   .0   .0   .0   .3   .3  -.9   .5   .3   .3   .0
   .3   .3   .3  -.9  -.9   .3   .0  -.7   .3   .2   .5   .2   .8  -.9   .5   .8   .3  -.9   .0  -.7   .5   .5   .3   .0   .3
   .0  -.9   .0  -.9   .0   .3
 =================================
 13LYS
  -.1   .0  -.6   .0   .3   .1   .3  -.2   .5   .0   .0   .3   .0   .5  -.9   .0   .0   .0  -.9   .7   .2  -.6   .7   .7   .0
   .7  -.9   .0   .2   .3   .0  -.4  -.6   .7  -.2  -.6  -.2   .5   .2  -.6   .5  -.9  -.7   .0  -.6  -.6  -.6   .7   .0   .0
   .0   .3   .0   .2   .0  -.9
 =================================
 14GLY
   .3   .7   .4   .5   .8   .5   .8   .5  2.1   .5   .7   .8   .5  2.1   .7   .7   .7   .7   .7  1.6   .9   .8  1.6  1.6   .7
  1.6   .7   .5   .9   .6   .5   .5   .4  1.6   .5   .8   .5  2.1   .9   .8  2.1   .7   .0   .7   .4   .8   .8  1.6   .7   .5
   .7   .6   .7   .9   .7   .7
 =================================
 15GLU
  -.1  -.1  -.2  -.9   .3   .2   .3  -.1   .7  -.9  -.1   .3  -.9   .7   .0  -.1  -.1  -.1   .0  1.0   .3   .1  1.0  1.0  -.1
  1.0   .0  -.9   .3   .1  -.9  -.3  -.2  1.0  -.1   .1  -.1   .7   .3   .1   .7   .0  -.6  -.1  -.2   .1   .1  1.0  -.1  -.9
  -.1   .1  -.1   .3  -.1   .0
 =================================
 16THR
  -.2  -.3  -.2   .0   .0  -.3   .0  -.1   .7   .0  -.3   .0   .0   .7  -.1  -.3  -.3  -.3  -.1   .7  -.3  -.1   .7   .7  -.3
   .7  -.1   .0  -.3  -.2   .0  -.1  -.2   .7  -.1  -.1  -.1   .7  -.3  -.1   .7  -.1  -.5  -.3  -.2  -.1  -.1   .7  -.3   .0
  -.3  -.2  -.3  -.3  -.3  -.1
 =================================
 17THR
  -.2  -.3  -.2   .0   .0  -.3   .0  -.1   .7   .0  -.3   .0   .0   .7  -.1  -.3  -.3  -.3  -.1   .7  -.3  -.1   .7   .7  -.3
   .7  -.1   .0  -.3  -.2   .0  -.1  -.2   .7  -.1  -.1  -.1   .7  -.3  -.1   .7  -.1  -.5  -.3  -.2  -.1  -.1   .7  -.3   .0
  -.3  -.2  -.3  -.3  -.3  -.1
 =================================
 18THR
  -.2  -.3  -.2   .0   .0  -.3   .0  -.1   .7   .0  -.3   .0   .0   .7  -.1  -.3  -.3  -.3  -.1   .7  -.3  -.1   .7   .7  -.3
   .7  -.1   .0  -.3  -.2   .0  -.1  -.2   .7  -.1  -.1  -.1   .7  -.3  -.1   .7  -.1  -.5  -.3  -.2  -.1  -.1   .7  -.3   .0
  -.3  -.2  -.3  -.3  -.3  -.1
 =================================
 19GLU
  -.1  -.1  -.2  -.9   .3   .2   .3  -.1   .7  -.9  -.1   .3  -.9   .7   .0  -.1  -.1  -.1   .0  1.0   .3   .1  1.0  1.0  -.1
  1.0   .0  -.9   .3   .1  -.9  -.3  -.2  1.0  -.1   .1  -.1   .7   .3   .1   .7   .0  -.6  -.1  -.2   .1   .1  1.0  -.1  -.9
  -.1   .1  -.1   .3  -.1   .0
 =================================
 20ALA
   .0   .7   .0   .7   .3  -.1   .3   .7  1.6   .7   .7   .3   .7  1.6  1.0   .7   .7   .7  1.0  1.7   .4   .9  1.7  1.7   .7
  1.7  1.0   .7   .4   .0   .7   .6   .0  1.7   .7   .9   .7  1.6   .4   .9  1.6  1.0  -.3   .7   .0   .9   .9  1.7   .7   .7
   .7   .0   .7   .4   .7  1.0
 =================================
 21VAL
  -.4  -.3  -.7   .2  -.9 -1.1  -.9   .2   .9   .2  -.3  -.9   .2   .9   .3  -.3  -.3  -.3   .3   .4  -.9   .7   .4   .4  -.3
   .4   .3   .2  -.9  -.9   .2   .1  -.7   .4   .2   .7   .2   .9  -.9   .7   .9   .3  -.8  -.3  -.7   .7   .7   .4  -.3   .2
  -.3  -.9  -.3  -.9  -.3   .3
 =================================
 22ASP
  -.1  -.1  -.1  -.6   .5   .4   .5  -.3   .8  -.6  -.1   .5  -.6   .8   .1  -.1  -.1  -.1   .1   .9   .7  -.1   .9   .9  -.1
   .9   .1  -.6   .7   .3  -.6  -.2  -.1   .9  -.3  -.1  -.3   .8   .7  -.1   .8   .1  -.2  -.1  -.1  -.1  -.1   .9  -.1  -.6
  -.1   .3  -.1   .7  -.1   .1
 =================================
 23ALA
   .0   .7   .0   .7   .3  -.1   .3   .7  1.6   .7   .7   .3   .7  1.6  1.0   .7   .7   .7  1.0  1.7   .4   .9  1.7  1.7   .7
  1.7  1.0   .7   .4   .0   .7   .6   .0  1.7   .7   .9   .7  1.6   .4   .9  1.6  1.0  -.3   .7   .0   .9   .9  1.7   .7   .7
   .7   .0   .7   .4   .7  1.0
 =================================
 24ALA
   .0   .7   .0   .7   .3  -.1   .3   .7  1.6   .7   .7   .3   .7  1.6  1.0   .7   .7   .7  1.0  1.7   .4   .9  1.7  1.7   .7
  1.7  1.0   .7   .4   .0   .7   .6   .0  1.7   .7   .9   .7  1.6   .4   .9  1.6  1.0  -.3   .7   .0   .9   .9  1.7   .7   .7
   .7   .0   .7   .4   .7  1.0
 =================================
 25THR
  -.2  -.3  -.2   .0   .0  -.3   .0  -.1   .7   .0  -.3   .0   .0   .7  -.1  -.3  -.3  -.3  -.1   .7  -.3  -.1   .7   .7  -.3
   .7  -.1   .0  -.3  -.2   .0  -.1  -.2   .7  -.1  -.1  -.1   .7  -.3  -.1   .7  -.1  -.5  -.3  -.2  -.1  -.1   .7  -.3   .0
  -.3  -.2  -.3  -.3  -.3  -.1
 =================================
 26ALA
   .0   .7   .0   .7   .3  -.1   .3   .7  1.6   .7   .7   .3   .7  1.6  1.0   .7   .7   .7  1.0  1.7   .4   .9  1.7  1.7   .7
  1.7  1.0   .7   .4   .0   .7   .6   .0  1.7   .7   .9   .7  1.6   .4   .9  1.6  1.0  -.3   .7   .0   .9   .9  1.7   .7   .7
   .7   .0   .7   .4   .7  1.0
 =================================
 27GLU
  -.1  -.1  -.2  -.9   .3   .2   .3  -.1   .7  -.9  -.1   .3  -.9   .7   .0  -.1  -.1  -.1   .0  1.0   .3   .1  1.0  1.0  -.1
  1.0   .0  -.9   .3   .1  -.9  -.3  -.2  1.0  -.1   .1  -.1   .7   .3   .1   .7   .0  -.6  -.1  -.2   .1   .1  1.0  -.1  -.9
  -.1   .1  -.1   .3  -.1   .0
 =================================
 28LYS
  -.1   .0  -.6   .0   .3   .1   .3  -.2   .5   .0   .0   .3   .0   .5  -.9   .0   .0   .0  -.9   .7   .2  -.6   .7   .7   .0
   .7  -.9   .0   .2   .3   .0  -.4  -.6   .7  -.2  -.6  -.2   .5   .2  -.6   .5  -.9  -.7   .0  -.6  -.6  -.6   .7   .0   .0
   .0   .3   .0   .2   .0  -.9
 =================================
 29VAL
  -.4  -.3  -.7   .2  -.9 -1.1  -.9   .2   .9   .2  -.3  -.9   .2   .9   .3  -.3  -.3  -.3   .3   .4  -.9   .7   .4   .4  -.3
   .4   .3   .2  -.9  -.9   .2   .1  -.7   .4   .2   .7   .2   .9  -.9   .7   .9   .3  -.8  -.3  -.7   .7   .7   .4  -.3   .2
  -.3  -.9  -.3  -.9  -.3   .3
 =================================
 30PHE
  -.6  -.2  -.9   .3  -.9 -1.0  -.9   .0   .6   .3  -.2  -.9   .3   .6   .1  -.2  -.2  -.2   .1   .0  -.9   .3   .0   .0  -.2
   .0   .1   .3  -.9 -1.1   .3  -.3  -.9   .0   .0   .3   .0   .6  -.9   .3   .6   .1 -1.3  -.2  -.9   .3   .3   .0  -.2   .3
  -.2 -1.1  -.2  -.9  -.2   .1
 =================================
 31LYS
  -.1   .0  -.6   .0   .3   .1   .3  -.2   .5   .0   .0   .3   .0   .5  -.9   .0   .0   .0  -.9   .7   .2  -.6   .7   .7   .0
   .7  -.9   .0   .2   .3   .0  -.4  -.6   .7  -.2  -.6  -.2   .5   .2  -.6   .5  -.9  -.7   .0  -.6  -.6  -.6   .7   .0   .0
   .0   .3   .0   .2   .0  -.9
 =================================
 32GLN
  -.2  -.1  -.5  -.4   .0  -.2   .0  -.4   .5  -.4  -.1   .0  -.4   .5  -.3  -.1  -.1  -.1  -.3   .6   .1  -.2   .6   .6  -.1
   .6  -.3  -.4   .1  -.3  -.4  -.8  -.5   .6  -.4  -.2  -.4   .5   .1  -.2   .5  -.3 -1.0  -.1  -.5  -.2  -.2   .6  -.1  -.4
  -.1  -.3  -.1   .1  -.1  -.3
 =================================
 33TYR
  -.4  -.2  -.8  -.6  -.7  -.8  -.7  -.3   .4  -.6  -.2  -.7  -.6   .4  -.2  -.2  -.2  -.2  -.2   .0  -.7  -.1   .0   .0  -.2
   .0  -.2  -.6  -.7  -.9  -.6  -.5  -.8   .0  -.3  -.1  -.3   .4  -.7  -.1   .4  -.2 -1.1  -.2  -.8  -.1  -.1   .0  -.2  -.6
  -.2  -.9  -.2  -.7  -.2  -.2
 =================================
 34ALA
   .0   .7   .0   .7   .3  -.1   .3   .7  1.6   .7   .7   .3   .7  1.6  1.0   .7   .7   .7  1.0  1.7   .4   .9  1.7  1.7   .7
  1.7  1.0   .7   .4   .0   .7   .6   .0  1.7   .7   .9   .7  1.6   .4   .9  1.6  1.0  -.3   .7   .0   .9   .9  1.7   .7   .7
   .7   .0   .7   .4   .7  1.0
 =================================
 35ASN
  -.2  -.1  -.3  -.2   .2   .2   .2  -.4   .5  -.2  -.1   .2  -.2   .5  -.1  -.1  -.1  -.1  -.1   .7   .2  -.3   .7   .7  -.1
   .7  -.1  -.2   .2   .0  -.2  -.4  -.3   .7  -.4  -.3  -.4   .5   .2  -.3   .5  -.1  -.7  -.1  -.3  -.3  -.3   .7  -.1  -.2
  -.1   .0  -.1   .2  -.1  -.1
 =================================
 36ASP
  -.1  -.1  -.1  -.6   .5   .4   .5  -.3   .8  -.6  -.1   .5  -.6   .8   .1  -.1  -.1  -.1   .1   .9   .7  -.1   .9   .9  -.1
   .9   .1  -.6   .7   .3  -.6  -.2  -.1   .9  -.3  -.1  -.3   .8   .7  -.1   .8   .1  -.2  -.1  -.1  -.1  -.1   .9  -.1  -.6
  -.1   .3  -.1   .7  -.1   .1
 =================================
 37ASN
  -.2  -.1  -.3  -.2   .2   .2   .2  -.4   .5  -.2  -.1   .2  -.2   .5  -.1  -.1  -.1  -.1  -.1   .7   .2  -.3   .7   .7  -.1
   .7  -.1  -.2   .2   .0  -.2  -.4  -.3   .7  -.4  -.3  -.4   .5   .2  -.3   .5  -.1  -.7  -.1  -.3  -.3  -.3   .7  -.1  -.2
  -.1   .0  -.1   .2  -.1  -.1
 =================================
 38GLY
   .3   .7   .4   .5   .8   .5   .8   .5  2.1   .5   .7   .8   .5  2.1   .7   .7   .7   .7   .7  1.6   .9   .8  1.6  1.6   .7
  1.6   .7   .5   .9   .6   .5   .5   .4  1.6   .5   .8   .5  2.1   .9   .8  2.1   .7   .0   .7   .4   .8   .8  1.6   .7   .5
   .7   .6   .7   .9   .7   .7
 =================================
 39VAL
  -.4  -.3  -.7   .2  -.9 -1.1  -.9   .2   .9   .2  -.3  -.9   .2   .9   .3  -.3  -.3  -.3   .3   .4  -.9   .7   .4   .4  -.3
   .4   .3   .2  -.9  -.9   .2   .1  -.7   .4   .2   .7   .2   .9  -.9   .7   .9   .3  -.8  -.3  -.7   .7   .7   .4  -.3   .2
  -.3  -.9  -.3  -.9  -.3   .3
 =================================
 40ASP
  -.1  -.1  -.1  -.6   .5   .4   .5  -.3   .8  -.6  -.1   .5  -.6   .8   .1  -.1  -.1  -.1   .1   .9   .7  -.1   .9   .9  -.1
   .9   .1  -.6   .7   .3  -.6  -.2  -.1   .9  -.3  -.1  -.3   .8   .7  -.1   .8   .1  -.2  -.1  -.1  -.1  -.1   .9  -.1  -.6
  -.1   .3  -.1   .7  -.1   .1
 =================================
 41GLY
   .3   .7   .4   .5   .8   .5   .8   .5  2.1   .5   .7   .8   .5  2.1   .7   .7   .7   .7   .7  1.6   .9   .8  1.6  1.6   .7
  1.6   .7   .5   .9   .6   .5   .5   .4  1.6   .5   .8   .5  2.1   .9   .8  2.1   .7   .0   .7   .4   .8   .8  1.6   .7   .5
   .7   .6   .7   .9   .7   .7
 =================================
 42GLU
  -.1  -.1  -.2  -.9   .3   .2   .3  -.1   .7  -.9  -.1   .3  -.9   .7   .0  -.1  -.1  -.1   .0  1.0   .3   .1  1.0  1.0  -.1
  1.0   .0  -.9   .3   .1  -.9  -.3  -.2  1.0  -.1   .1  -.1   .7   .3   .1   .7   .0  -.6  -.1  -.2   .1   .1  1.0  -.1  -.9
  -.1   .1  -.1   .3  -.1   .0
 =================================
 43TRP
  -.7  -.5 -1.1  -.7  -.9 -1.0  -.9  -.7   .0  -.7  -.5  -.9  -.7   .0  -.6  -.5  -.5  -.5  -.6  -.3  -.8  -.2  -.3  -.3  -.5
  -.3  -.6  -.7  -.8 -1.3  -.7 -1.0 -1.1  -.3  -.7  -.2  -.7   .0  -.8  -.2   .0  -.6 -1.4  -.5 -1.1  -.2  -.2  -.3  -.5  -.7
  -.5 -1.3  -.5  -.8  -.5  -.6
 =================================
 44THR
  -.2  -.3  -.2   .0   .0  -.3   .0  -.1   .7   .0  -.3   .0   .0   .7  -.1  -.3  -.3  -.3  -.1   .7  -.3  -.1   .7   .7  -.3
   .7  -.1   .0  -.3  -.2   .0  -.1  -.2   .7  -.1  -.1  -.1   .7  -.3  -.1   .7  -.1  -.5  -.3  -.2  -.1  -.1   .7  -.3   .0
  -.3  -.2  -.3  -.3  -.3  -.1
 =================================
 45TYR
  -.4  -.2  -.8  -.6  -.7  -.8  -.7  -.3   .4  -.6  -.2  -.7  -.6   .4  -.2  -.2  -.2  -.2  -.2   .0  -.7  -.1   .0   .0  -.2
   .0  -.2  -.6  -.7  -.9  -.6  -.5  -.8   .0  -.3  -.1  -.3   .4  -.7  -.1   .4  -.2 -1.1  -.2  -.8  -.1  -.1   .0  -.2  -.6
  -.2  -.9  -.2  -.7  -.2  -.2
 =================================
 46ASP
  -.1  -.1  -.1  -.6   .5   .4   .5  -.3   .8  -.6  -.1   .5  -.6   .8   .1  -.1  -.1  -.1   .1   .9   .7  -.1   .9   .9  -.1
   .9   .1  -.6   .7   .3  -.6  -.2  -.1   .9  -.3  -.1  -.3   .8   .7  -.1   .8   .1  -.2  -.1  -.1  -.1  -.1   .9  -.1  -.6
  -.1   .3  -.1   .7  -.1   .1
 =================================
 47ASP
  -.1  -.1  -.1  -.6   .5   .4   .5  -.3   .8  -.6  -.1   .5  -.6   .8   .1  -.1  -.1  -.1   .1   .9   .7  -.1   .9   .9  -.1
   .9   .1  -.6   .7   .3  -.6  -.2  -.1   .9  -.3  -.1  -.3   .8   .7  -.1   .8   .1  -.2  -.1  -.1  -.1  -.1   .9  -.1  -.6
  -.1   .3  -.1   .7  -.1   .1
 =================================
 48ALA
   .0   .7   .0   .7   .3  -.1   .3   .7  1.6   .7   .7   .3   .7  1.6  1.0   .7   .7   .7  1.0  1.7   .4   .9  1.7  1.7   .7
  1.7  1.0   .7   .4   .0   .7   .6   .0  1.7   .7   .9   .7  1.6   .4   .9  1.6  1.0  -.3   .7   .0   .9   .9  1.7   .7   .7
   .7   .0   .7   .4   .7  1.0
 =================================
 49THR
  -.2  -.3  -.2   .0   .0  -.3   .0  -.1   .7   .0  -.3   .0   .0   .7  -.1  -.3  -.3  -.3  -.1   .7  -.3  -.1   .7   .7  -.3
   .7  -.1   .0  -.3  -.2   .0  -.1  -.2   .7  -.1  -.1  -.1   .7  -.3  -.1   .7  -.1  -.5  -.3  -.2  -.1  -.1   .7  -.3   .0
  -.3  -.2  -.3  -.3  -.3  -.1
 =================================
 50LYS
  -.1   .0  -.6   .0   .3   .1   .3  -.2   .5   .0   .0   .3   .0   .5  -.9   .0   .0   .0  -.9   .7   .2  -.6   .7   .7   .0
   .7  -.9   .0   .2   .3   .0  -.4  -.6   .7  -.2  -.6  -.2   .5   .2  -.6   .5  -.9  -.7   .0  -.6  -.6  -.6   .7   .0   .0
   .0   .3   .0   .2   .0  -.9
 =================================
 51THR
  -.2  -.3  -.2   .0   .0  -.3   .0  -.1   .7   .0  -.3   .0   .0   .7  -.1  -.3  -.3  -.3  -.1   .7  -.3  -.1   .7   .7  -.3
   .7  -.1   .0  -.3  -.2   .0  -.1  -.2   .7  -.1  -.1  -.1   .7  -.3  -.1   .7  -.1  -.5  -.3  -.2  -.1  -.1   .7  -.3   .0
  -.3  -.2  -.3  -.3  -.3  -.1
 =================================
 52PHE
  -.6  -.2  -.9   .3  -.9 -1.0  -.9   .0   .6   .3  -.2  -.9   .3   .6   .1  -.2  -.2  -.2   .1   .0  -.9   .3   .0   .0  -.2
   .0   .1   .3  -.9 -1.1   .3  -.3  -.9   .0   .0   .3   .0   .6  -.9   .3   .6   .1 -1.3  -.2  -.9   .3   .3   .0  -.2   .3
  -.2 -1.1  -.2  -.9  -.2   .1
 =================================
 53THR
  -.2  -.3  -.2   .0   .0  -.3   .0  -.1   .7   .0  -.3   .0   .0   .7  -.1  -.3  -.3  -.3  -.1   .7  -.3  -.1   .7   .7  -.3
   .7  -.1   .0  -.3  -.2   .0  -.1  -.2   .7  -.1  -.1  -.1   .7  -.3  -.1   .7  -.1  -.5  -.3  -.2  -.1  -.1   .7  -.3   .0
  -.3  -.2  -.3  -.3  -.3  -.1
 =================================
 54VAL
  -.4  -.3  -.7   .2  -.9 -1.1  -.9   .2   .9   .2  -.3  -.9   .2   .9   .3  -.3  -.3  -.3   .3   .4  -.9   .7   .4   .4  -.3
   .4   .3   .2  -.9  -.9   .2   .1  -.7   .4   .2   .7   .2   .9  -.9   .7   .9   .3  -.8  -.3  -.7   .7   .7   .4  -.3   .2
  -.3  -.9  -.3  -.9  -.3   .3
 =================================
 55THR
  -.2  -.3  -.2   .0   .0  -.3   .0  -.1   .7   .0  -.3   .0   .0   .7  -.1  -.3  -.3  -.3  -.1   .7  -.3  -.1   .7   .7  -.3
   .7  -.1   .0  -.3  -.2   .0  -.1  -.2   .7  -.1  -.1  -.1   .7  -.3  -.1   .7  -.1  -.5  -.3  -.2  -.1  -.1   .7  -.3   .0
  -.3  -.2  -.3  -.3  -.3  -.1
 =================================
 56GLU
  -.1  -.1  -.2  -.9   .3   .2   .3  -.1   .7  -.9  -.1   .3  -.9   .7   .0  -.1  -.1  -.1   .0  1.0   .3   .1  1.0  1.0  -.1
  1.0   .0  -.9   .3   .1  -.9  -.3  -.2  1.0  -.1   .1  -.1   .7   .3   .1   .7   .0  -.6  -.1  -.2   .1   .1  1.0  -.1  -.9
  -.1   .1  -.1   .3  -.1   .0
 =================================
