GLY
-1.3 -0.5  1.5  2.0  2.0 
-0.7  2.0  2.0  2.0  2.0 
 1.4  2.0  2.0  2.0  2.0 
 2.0  2.0  2.0  2.0  2.0 
 2.0  2.0  2.0  2.0  2.0 

-0.7  1.7  2.0  2.0  2.0 
 1.6  2.0  2.0  2.0  2.0 
 2.0  2.0  2.0  2.0  2.0 
 2.0  2.0  2.0  2.0  2.0 
 2.0  2.0  2.0  2.0  2.0 

 1.5  2.0  2.0  2.0  2.0 
 2.0  2.0  2.0  2.0  2.0 
 2.0  2.0  2.0  2.0  2.0 
 2.0  2.0  2.0  2.0  2.0 
 2.0  2.0  2.0  2.0  2.0 

 2.0  2.0  2.0  2.0  2.0 
 2.0  2.0  2.0  2.0  2.0 
 2.0  2.0  2.0  2.0  2.0 
 2.0  2.0  2.0  2.0  2.0 
 2.0  2.0  2.0  2.0  2.0 

 2.0  2.0  2.0  2.0  2.0 
 2.0  2.0  2.0  2.0  2.0 
 2.0  2.0  2.0  2.0  2.0 
 2.0  2.0  2.0  2.0  2.0 
 2.0  2.0  2.0  2.0  2.0 


ALA
-0.7 -0.7 -0.2  2.0  2.0 
-0.9 -0.3  2.0  2.0  2.0 
-0.3  2.0  2.0  2.0  2.0 
 2.0  2.0  2.0  2.0  2.0 
 2.0  2.0  2.0  2.0  2.0 

-0.9 -0.1  2.0  2.0  2.0 
-0.3  2.0  2.0  2.0  2.0 
 2.0  2.0  2.0  2.0  2.0 
 2.0  2.0  2.0  2.0  2.0 
 2.0  2.0  2.0  2.0  2.0 

-0.3  2.0  2.0  2.0  2.0 
 2.0  2.0  2.0  2.0  2.0 
 2.0  2.0  2.0  2.0  2.0 
 2.0  2.0  2.0  2.0  2.0 
 2.0  2.0  2.0  2.0  2.0 

 2.0  2.0  2.0  2.0  2.0 
 2.0  2.0  2.0  2.0  2.0 
 2.0  2.0  2.0  2.0  2.0 
 2.0  2.0  2.0  2.0  2.0 
 2.0  2.0  2.0  2.0  2.0 

 2.0  2.0  2.0  2.0  2.0 
 2.0  2.0  2.0  2.0  2.0 
 2.0  2.0  2.0  2.0  2.0 
 2.0  2.0  2.0  2.0  2.0 
 2.0  2.0  2.0  2.0  2.0 


SER
-0.8 -0.8 -0.1  1.5  2.0 
-0.8 -0.2  2.0  2.0  2.0 
-0.1  2.0  2.0  2.0  2.0 
 1.7  2.0  2.0  2.0  2.0 
 2.0  2.0  2.0  2.0  2.0 

-0.8 -0.1  1.6  2.0  2.0 
-0.2  1.6  2.0  2.0  2.0 
 1.6  2.0  2.0  2.0  2.0 
 2.0  2.0  2.0  2.0  2.0 
 2.0  2.0  2.0  2.0  2.0 

-0.2  1.7  2.0  2.0  2.0 
 1.8  2.0  2.0  2.0  2.0 
 2.0  2.0  2.0  2.0  2.0 
 2.0  2.0  2.0  2.0  2.0 
 2.0  2.0  2.0  2.0  2.0 

 1.6  2.0  2.0  2.0  2.0 
 2.0  2.0  2.0  2.0  2.0 
 2.0  2.0  2.0  2.0  2.0 
 2.0  2.0  2.0  2.0  2.0 
 2.0  2.0  2.0  2.0  2.0 

 2.0  2.0  2.0  2.0  2.0 
 2.0  2.0  2.0  2.0  2.0 
 2.0  2.0  2.0  2.0  2.0 
 2.0  2.0  2.0  2.0  2.0 
 2.0  2.0  2.0  2.0  2.0 


CYS
 0.4 -0.6 -0.7  0.2  2.0 
-0.7 -0.9  0.4  2.0  2.0 
-0.7  0.6  2.0  2.0  2.0 
 0.2  2.0  2.0  2.0  2.0 
 2.0  2.0  2.0  2.0  2.0 

-0.6 -0.8  0.4  2.0  2.0 
-0.9  0.2  2.0  2.0  2.0 
 0.3  2.0  2.0  2.0  2.0 
 2.0  2.0  2.0  2.0  2.0 
 2.0  2.0  2.0  2.0  2.0 

-0.8  0.3  2.0  2.0  2.0 
 0.3  2.0  2.0  2.0  2.0 
 2.0  2.0  2.0  2.0  2.0 
 2.0  2.0  2.0  2.0  2.0 
 2.0  2.0  2.0  2.0  2.0 

 0.6  2.0  2.0  2.0  2.0 
 2.0  2.0  2.0  2.0  2.0 
 2.0  2.0  2.0  2.0  2.0 
 2.0  2.0  2.0  2.0  2.0 
 2.0  2.0  2.0  2.0  2.0 

 2.0  2.0  2.0  2.0  2.0 
 2.0  2.0  2.0  2.0  2.0 
 2.0  2.0  2.0  2.0  2.0 
 2.0  2.0  2.0  2.0  2.0 
 2.0  2.0  2.0  2.0  2.0 


VAL
 0.3 -0.4 -0.7 -0.2  2.0 
-0.4 -0.8 -0.2  2.0  2.0 
-0.5 -0.2  2.0  2.0  2.0 
-0.2  2.0  2.0  2.0  2.0 
 2.0  2.0  2.0  2.0  2.0 

-0.4 -0.6 -0.2  2.0  2.0 
-0.6 -0.2  2.0  2.0  2.0 
-0.2  2.0  2.0  2.0  2.0 
 2.0  2.0  2.0  2.0  2.0 
 2.0  2.0  2.0  2.0  2.0 

-0.6 -0.2  2.0  2.0  2.0 
-0.0  2.0  2.0  2.0  2.0 
 2.0  2.0  2.0  2.0  2.0 
 2.0  2.0  2.0  2.0  2.0 
 2.0  2.0  2.0  2.0  2.0 

-0.2  2.0  2.0  2.0  2.0 
 2.0  2.0  2.0  2.0  2.0 
 2.0  2.0  2.0  2.0  2.0 
 2.0  2.0  2.0  2.0  2.0 
 2.0  2.0  2.0  2.0  2.0 

 2.0  2.0  2.0  2.0  2.0 
 2.0  2.0  2.0  2.0  2.0 
 2.0  2.0  2.0  2.0  2.0 
 2.0  2.0  2.0  2.0  2.0 
 2.0  2.0  2.0  2.0  2.0 


THR
-0.4 -0.8 -0.5  0.6  2.0 
-0.7 -0.3  0.8  2.0  2.0 
-0.4  0.7  2.0  2.0  2.0 
 0.6  2.0  2.0  2.0  2.0 
 2.0  2.0  2.0  2.0  2.0 

-0.8 -0.4  0.6  2.0  2.0 
-0.3  0.7  2.0  2.0  2.0 
 0.9  2.0  2.0  2.0  2.0 
 2.0  2.0  2.0  2.0  2.0 
 2.0  2.0  2.0  2.0  2.0 

-0.4  0.6  2.0  2.0  2.0 
 0.7  2.0  2.0  2.0  2.0 
 2.0  2.0  2.0  2.0  2.0 
 2.0  2.0  2.0  2.0  2.0 
 2.0  2.0  2.0  2.0  2.0 

 0.6  2.0  2.0  2.0  2.0 
 2.0  2.0  2.0  2.0  2.0 
 2.0  2.0  2.0  2.0  2.0 
 2.0  2.0  2.0  2.0  2.0 
 2.0  2.0  2.0  2.0  2.0 

 2.0  2.0  2.0  2.0  2.0 
 2.0  2.0  2.0  2.0  2.0 
 2.0  2.0  2.0  2.0  2.0 
 2.0  2.0  2.0  2.0  2.0 
 2.0  2.0  2.0  2.0  2.0 


ILE
 0.7 -0.1 -0.5 -0.5  1.0 
-0.1 -0.7 -0.6  0.8  2.0 
-0.5 -0.5  1.0  2.0  2.0 
-0.4  0.8  2.0  2.0  2.0 
 0.8  2.0  2.0  2.0  2.0 

-0.0 -0.5 -0.6  1.0  2.0 
-0.5 -0.6  0.8  2.0  2.0 
-0.5  1.0  2.0  2.0  2.0 
 1.0  2.0  2.0  2.0  2.0 
 2.0  2.0  2.0  2.0  2.0 

-0.5 -0.5  0.8  2.0  2.0 
-0.5  0.9  2.0  2.0  2.0 
 1.0  2.0  2.0  2.0  2.0 
 2.0  2.0  2.0  2.0  2.0 
 2.0  2.0  2.0  2.0  2.0 

-0.5  1.1  2.0  2.0  2.0 
 0.9  2.0  2.0  2.0  2.0 
 2.0  2.0  2.0  2.0  2.0 
 2.0  2.0  2.0  2.0  2.0 
 2.0  2.0  2.0  2.0  2.0 

 0.9  2.0  2.0  2.0  2.0 
 2.0  2.0  2.0  2.0  2.0 
 2.0  2.0  2.0  2.0  2.0 
 2.0  2.0  2.0  2.0  2.0 
 2.0  2.0  2.0  2.0  2.0 


PRO
-0.9 -0.6  0.0  1.2  2.0 
-0.7 -0.1  2.0  2.0  2.0 
-0.2  1.6  2.0  2.0  2.0 
 1.3  2.0  2.0  2.0  2.0 
 2.0  2.0  2.0  2.0  2.0 

-0.7  0.1  1.4  2.0  2.0 
-0.1  1.6  2.0  2.0  2.0 
 1.5  2.0  2.0  2.0  2.0 
 2.0  2.0  2.0  2.0  2.0 
 2.0  2.0  2.0  2.0  2.0 

-0.0  1.7  2.0  2.0  2.0 
 1.5  2.0  2.0  2.0  2.0 
 2.0  2.0  2.0  2.0  2.0 
 2.0  2.0  2.0  2.0  2.0 
 2.0  2.0  2.0  2.0  2.0 

 1.4  2.0  2.0  2.0  2.0 
 2.0  2.0  2.0  2.0  2.0 
 2.0  2.0  2.0  2.0  2.0 
 2.0  2.0  2.0  2.0  2.0 
 2.0  2.0  2.0  2.0  2.0 

 2.0  2.0  2.0  2.0  2.0 
 2.0  2.0  2.0  2.0  2.0 
 2.0  2.0  2.0  2.0  2.0 
 2.0  2.0  2.0  2.0  2.0 
 2.0  2.0  2.0  2.0  2.0 


MET
 0.3 -0.2 -0.3 -0.2  1.1 
-0.1 -0.5 -0.5  1.0  2.0 
-0.3 -0.5  0.6  2.0  2.0 
-0.4  0.7  2.0  2.0  2.0 
 1.1  2.0  2.0  2.0  2.0 

-0.1 -0.4 -0.3  0.9  2.0 
-0.4 -0.5  0.9  2.0  2.0 
-0.3  1.2  2.0  2.0  2.0 
 1.0  2.0  2.0  2.0  2.0 
 2.0  2.0  2.0  2.0  2.0 

-0.4 -0.5  1.4  2.0  2.0 
-0.5  1.1  2.0  2.0  2.0 
 1.0  2.0  2.0  2.0  2.0 
 2.0  2.0  2.0  2.0  2.0 
 2.0  2.0  2.0  2.0  2.0 

-0.4  1.1  2.0  2.0  2.0 
 1.1  2.0  2.0  2.0  2.0 
 2.0  2.0  2.0  2.0  2.0 
 2.0  2.0  2.0  2.0  2.0 
 2.0  2.0  2.0  2.0  2.0 

 1.0  2.0  2.0  2.0  2.0 
 2.0  2.0  2.0  2.0  2.0 
 2.0  2.0  2.0  2.0  2.0 
 2.0  2.0  2.0  2.0  2.0 
 2.0  2.0  2.0  2.0  2.0 


ASP
-0.7 -0.9  0.0  1.1  2.0 
-0.8  0.4  1.3  2.0  2.0 
-0.1  1.5  2.0  2.0  2.0 
 1.2  2.0  2.0  2.0  2.0 
 2.0  2.0  2.0  2.0  2.0 

-0.8 -0.1  1.3  2.0  2.0 
-0.0  1.2  2.0  2.0  2.0 
 1.1  2.0  2.0  2.0  2.0 
 2.0  2.0  2.0  2.0  2.0 
 2.0  2.0  2.0  2.0  2.0 

-0.1  1.0  2.0  2.0  2.0 
 1.1  2.0  2.0  2.0  2.0 
 2.0  2.0  2.0  2.0  2.0 
 2.0  2.0  2.0  2.0  2.0 
 2.0  2.0  2.0  2.0  2.0 

 1.3  2.0  2.0  2.0  2.0 
 2.0  2.0  2.0  2.0  2.0 
 2.0  2.0  2.0  2.0  2.0 
 2.0  2.0  2.0  2.0  2.0 
 2.0  2.0  2.0  2.0  2.0 

 2.0  2.0  2.0  2.0  2.0 
 2.0  2.0  2.0  2.0  2.0 
 2.0  2.0  2.0  2.0  2.0 
 2.0  2.0  2.0  2.0  2.0 
 2.0  2.0  2.0  2.0  2.0 


ASN
-0.7 -0.8 -0.2  0.8  2.0 
-0.8 -0.1  1.3  2.0  2.0 
-0.2  0.9  2.0  2.0  2.0 
 0.8  2.0  2.0  2.0  2.0 
 2.0  2.0  2.0  2.0  2.0 

-0.8 -0.3  0.8  2.0  2.0 
-0.2  0.8  2.0  2.0  2.0 
 1.0  2.0  2.0  2.0  2.0 
 2.0  2.0  2.0  2.0  2.0 
 2.0  2.0  2.0  2.0  2.0 

-0.3  0.9  2.0  2.0  2.0 
 1.1  2.0  2.0  2.0  2.0 
 2.0  2.0  2.0  2.0  2.0 
 2.0  2.0  2.0  2.0  2.0 
 2.0  2.0  2.0  2.0  2.0 

 0.9  2.0  2.0  2.0  2.0 
 2.0  2.0  2.0  2.0  2.0 
 2.0  2.0  2.0  2.0  2.0 
 2.0  2.0  2.0  2.0  2.0 
 2.0  2.0  2.0  2.0  2.0 

 2.0  2.0  2.0  2.0  2.0 
 2.0  2.0  2.0  2.0  2.0 
 2.0  2.0  2.0  2.0  2.0 
 2.0  2.0  2.0  2.0  2.0 
 2.0  2.0  2.0  2.0  2.0 


LEU
 0.6 -0.1 -0.4 -0.4  1.1 
-0.1 -0.7 -0.6  0.9  2.0 
-0.5 -0.5  1.0  2.0  2.0 
-0.4  1.3  2.0  2.0  2.0 
 0.9  2.0  2.0  2.0  2.0 

-0.1 -0.5 -0.4  0.9  2.0 
-0.5 -0.6  1.0  2.0  2.0 
-0.5  1.0  2.0  2.0  2.0 
 0.8  2.0  2.0  2.0  2.0 
 2.0  2.0  2.0  2.0  2.0 

-0.5 -0.5  1.1  2.0  2.0 
-0.6  0.9  2.0  2.0  2.0 
 1.0  2.0  2.0  2.0  2.0 
 2.0  2.0  2.0  2.0  2.0 
 2.0  2.0  2.0  2.0  2.0 

-0.5  1.2  2.0  2.0  2.0 
 1.1  2.0  2.0  2.0  2.0 
 2.0  2.0  2.0  2.0  2.0 
 2.0  2.0  2.0  2.0  2.0 
 2.0  2.0  2.0  2.0  2.0 

 1.0  2.0  2.0  2.0  2.0 
 2.0  2.0  2.0  2.0  2.0 
 2.0  2.0  2.0  2.0  2.0 
 2.0  2.0  2.0  2.0  2.0 
 2.0  2.0  2.0  2.0  2.0 


LYS
-0.8 -0.9 -0.1  1.8  2.0 
-0.8  0.4  1.8  2.0  2.0 
-0.0  2.0  2.0  2.0  2.0 
 1.4  2.0  2.0  2.0  2.0 
 2.0  2.0  2.0  2.0  2.0 

-0.8  0.1  1.6  2.0  2.0 
 0.1  1.8  2.0  2.0  2.0 
 1.6  2.0  2.0  2.0  2.0 
 2.0  2.0  2.0  2.0  2.0 
 2.0  2.0  2.0  2.0  2.0 

 0.0  1.7  2.0  2.0  2.0 
 1.7  2.0  2.0  2.0  2.0 
 2.0  2.0  2.0  2.0  2.0 
 2.0  2.0  2.0  2.0  2.0 
 2.0  2.0  2.0  2.0  2.0 

 1.7  2.0  2.0  2.0  2.0 
 2.0  2.0  2.0  2.0  2.0 
 2.0  2.0  2.0  2.0  2.0 
 2.0  2.0  2.0  2.0  2.0 
 2.0  2.0  2.0  2.0  2.0 

 2.0  2.0  2.0  2.0  2.0 
 2.0  2.0  2.0  2.0  2.0 
 2.0  2.0  2.0  2.0  2.0 
 2.0  2.0  2.0  2.0  2.0 
 2.0  2.0  2.0  2.0  2.0 


GLU
-0.8 -0.8  0.0  1.1  2.0 
-0.8  0.3  1.7  2.0  2.0 
-0.1  1.2  2.0  2.0  2.0 
 1.0  2.0  2.0  2.0  2.0 
 2.0  2.0  2.0  2.0  2.0 

-0.8 -0.1  1.1  2.0  2.0 
 0.0  1.2  2.0  2.0  2.0 
 1.2  2.0  2.0  2.0  2.0 
 2.0  2.0  2.0  2.0  2.0 
 2.0  2.0  2.0  2.0  2.0 

-0.0  1.0  2.0  2.0  2.0 
 1.2  2.0  2.0  2.0  2.0 
 2.0  2.0  2.0  2.0  2.0 
 2.0  2.0  2.0  2.0  2.0 
 2.0  2.0  2.0  2.0  2.0 

 1.1  2.0  2.0  2.0  2.0 
 2.0  2.0  2.0  2.0  2.0 
 2.0  2.0  2.0  2.0  2.0 
 2.0  2.0  2.0  2.0  2.0 
 2.0  2.0  2.0  2.0  2.0 

 2.0  2.0  2.0  2.0  2.0 
 2.0  2.0  2.0  2.0  2.0 
 2.0  2.0  2.0  2.0  2.0 
 2.0  2.0  2.0  2.0  2.0 
 2.0  2.0  2.0  2.0  2.0 


GLN
-0.5 -0.8 -0.2  0.9  2.0 
-0.7 -0.1  0.9  2.0  2.0 
-0.3  1.0  2.0  2.0  2.0 
 0.8  2.0  2.0  2.0  2.0 
 2.0  2.0  2.0  2.0  2.0 

-0.7 -0.2  0.9  2.0  2.0 
-0.2  0.9  2.0  2.0  2.0 
 0.7  2.0  2.0  2.0  2.0 
 2.0  2.0  2.0  2.0  2.0 
 2.0  2.0  2.0  2.0  2.0 

-0.2  0.7  2.0  2.0  2.0 
 0.6  2.0  2.0  2.0  2.0 
 2.0  2.0  2.0  2.0  2.0 
 2.0  2.0  2.0  2.0  2.0 
 2.0  2.0  2.0  2.0  2.0 

 0.7  2.0  2.0  2.0  2.0 
 2.0  2.0  2.0  2.0  2.0 
 2.0  2.0  2.0  2.0  2.0 
 2.0  2.0  2.0  2.0  2.0 
 2.0  2.0  2.0  2.0  2.0 

 2.0  2.0  2.0  2.0  2.0 
 2.0  2.0  2.0  2.0  2.0 
 2.0  2.0  2.0  2.0  2.0 
 2.0  2.0  2.0  2.0  2.0 
 2.0  2.0  2.0  2.0  2.0 


ARG
-0.2 -0.7 -0.4  0.3  1.6 
-0.5 -0.1  0.5  1.4  2.0 
-0.5  0.6  2.0  2.0  2.0 
 0.1  1.6  2.0  2.0  2.0 
 1.3  2.0  2.0  2.0  2.0 

-0.5 -0.4  0.3  1.4  2.0 
-0.4  0.4  1.8  2.0  2.0 
 0.2  1.4  2.0  2.0  2.0 
 1.5  2.0  2.0  2.0  2.0 
 2.0  2.0  2.0  2.0  2.0 

-0.3  0.3  1.3  2.0  2.0 
 0.3  1.4  2.0  2.0  2.0 
 1.5  2.0  2.0  2.0  2.0 
 2.0  2.0  2.0  2.0  2.0 
 2.0  2.0  2.0  2.0  2.0 

 0.3  1.6  2.0  2.0  2.0 
 1.6  2.0  2.0  2.0  2.0 
 2.0  2.0  2.0  2.0  2.0 
 2.0  2.0  2.0  2.0  2.0 
 2.0  2.0  2.0  2.0  2.0 

 1.5  2.0  2.0  2.0  2.0 
 2.0  2.0  2.0  2.0  2.0 
 2.0  2.0  2.0  2.0  2.0 
 2.0  2.0  2.0  2.0  2.0 
 2.0  2.0  2.0  2.0  2.0 


HIS
-0.2 -0.6 -0.5  0.2  2.0 
-0.5 -0.3  0.0  1.7  2.0 
-0.5  0.2  2.0  2.0  2.0 
 0.1  2.0  2.0  2.0  2.0 
 1.6  2.0  2.0  2.0  2.0 

-0.5 -0.5  0.1  1.6  2.0 
-0.4  0.2  1.9  2.0  2.0 
 0.2  1.9  2.0  2.0  2.0 
 2.0  2.0  2.0  2.0  2.0 
 2.0  2.0  2.0  2.0  2.0 

-0.5  0.2  2.0  2.0  2.0 
-0.0  1.6  2.0  2.0  2.0 
 1.3  2.0  2.0  2.0  2.0 
 2.0  2.0  2.0  2.0  2.0 
 2.0  2.0  2.0  2.0  2.0 

 0.1  1.6  2.0  2.0  2.0 
 1.8  2.0  2.0  2.0  2.0 
 2.0  2.0  2.0  2.0  2.0 
 2.0  2.0  2.0  2.0  2.0 
 2.0  2.0  2.0  2.0  2.0 

 2.0  2.0  2.0  2.0  2.0 
 2.0  2.0  2.0  2.0  2.0 
 2.0  2.0  2.0  2.0  2.0 
 2.0  2.0  2.0  2.0  2.0 
 2.0  2.0  2.0  2.0  2.0 


PHE
 0.9  0.3 -0.2 -0.5  0.1 
 0.3 -0.3 -0.6  0.6  1.6 
-0.1 -0.7 -0.2  2.0  2.0 
-0.4  0.0  2.0  2.0  2.0 
 0.3  2.0  2.0  2.0  2.0 

 0.3 -0.2 -0.3  0.1  2.0 
-0.2 -0.4  0.2  1.7  2.0 
-0.6  0.0  1.9  2.0  2.0 
 0.4  2.0  2.0  2.0  2.0 
 2.0  2.0  2.0  2.0  2.0 

-0.1 -0.5  0.2  1.9  2.0 
-0.5  0.2  1.6  2.0  2.0 
 0.1  1.7  2.0  2.0  2.0 
 1.7  2.0  2.0  2.0  2.0 
 2.0  2.0  2.0  2.0  2.0 

-0.5  0.1  1.7  2.0  2.0 
 0.1  2.0  2.0  2.0  2.0 
 1.7  2.0  2.0  2.0  2.0 
 2.0  2.0  2.0  2.0  2.0 
 2.0  2.0  2.0  2.0  2.0 

 0.1  1.8  2.0  2.0  2.0 
 2.0  2.0  2.0  2.0  2.0 
 2.0  2.0  2.0  2.0  2.0 
 2.0  2.0  2.0  2.0  2.0 
 2.0  2.0  2.0  2.0  2.0 


TYR
 0.9  0.1 -0.5 -0.5  0.1 
 0.1 -0.3 -0.4 -0.0  2.0 
-0.5 -0.4  0.7  1.8  2.0 
-0.4  0.2  1.5  2.0  2.0 
 0.1  2.0  2.0  2.0  2.0 

 0.2 -0.4 -0.6  0.2  2.0 
-0.4 -0.3  0.2  2.0  2.0 
-0.5  0.2  2.0  2.0  2.0 
 0.1  2.0  2.0  2.0  2.0 
 2.0  2.0  2.0  2.0  2.0 

-0.4 -0.4  0.2  2.0  2.0 
-0.5  0.3  2.0  2.0  2.0 
 0.2  2.0  2.0  2.0  2.0 
 2.0  2.0  2.0  2.0  2.0 
 2.0  2.0  2.0  2.0  2.0 

-0.4  0.1  2.0  2.0  2.0 
 0.2  2.0  2.0  2.0  2.0 
 2.0  2.0  2.0  2.0  2.0 
 2.0  2.0  2.0  2.0  2.0 
 2.0  2.0  2.0  2.0  2.0 

 0.2  2.0  2.0  2.0  2.0 
 2.0  2.0  2.0  2.0  2.0 
 2.0  2.0  2.0  2.0  2.0 
 2.0  2.0  2.0  2.0  2.0 
 2.0  2.0  2.0  2.0  2.0 


TRP
 1.1  1.1 -0.1 -0.2  0.4 
 0.6  0.0 -0.3  0.1  0.6 
 0.2 -0.1 -0.5  0.5  2.0 
-0.5 -0.2  0.9  2.0  2.0 
 0.1  0.5  2.0  2.0  2.0 

 1.0 -0.0 -0.6 -0.2  0.6 
 0.1 -0.4 -0.2  1.0  2.0 
-0.4  0.1  1.3  2.0  2.0 
-0.3  0.8  2.0  2.0  2.0 
 0.4  2.0  2.0  2.0  2.0 

 0.0 -0.4 -0.4  0.7  2.0 
-0.4 -0.2  0.9  2.0  2.0 
 0.0  1.0  2.0  2.0  2.0 
 1.0  2.0  2.0  2.0  2.0 
 2.0  2.0  2.0  2.0  2.0 

-0.4 -0.2  1.0  2.0  2.0 
-0.3  0.8  2.0  2.0  2.0 
 1.2  2.0  2.0  2.0  2.0 
 2.0  2.0  2.0  2.0  2.0 
 2.0  2.0  2.0  2.0  2.0 

-0.1  0.9  2.0  2.0  2.0 
 0.7  2.0  2.0  2.0  2.0 
 2.0  2.0  2.0  2.0  2.0 
 2.0  2.0  2.0  2.0  2.0 
 2.0  2.0  2.0  2.0  2.0 


