
PAR   GLY  ALA  SER  CYS  VAL  THR  ILE  PRO  MET  ASP  ASN  LEU  LYS  GLU  GLN  ARG  HIS  PHE  TYR  TRP   
GLY   0.1  0.3  0.0 -0.2  0.1  0.0  0.1  0.4  0.2  0.2  0.1  0.2  0.4  0.4  0.2  0.3  0.3  0.1  0.0  0.1  
ALA   0.3 -0.1 -0.2 -0.5 -0.4 -0.1 -0.4  0.4 -0.3  0.1  0.1 -0.4  0.4  0.4  0.2  0.3  0.0 -0.2 -0.1  0.2  
SER   0.0 -0.2 -0.5 -0.5 -0.2 -0.5  0.0  0.3  0.0 -0.5 -0.4  0.0 -0.1 -0.2 -0.2 -0.8 -0.9 -0.8 -0.8 -0.8  
CYS  -0.2 -0.5 -0.5 -2.6 -0.9 -0.4 -0.8 -0.1 -0.7  0.2 -0.1 -0.9  0.5  0.6  0.0 -0.6 -1.3 -1.5 -1.1 -1.3  
VAL   0.1 -0.4 -0.2 -0.9 -1.0 -0.3 -0.9  0.2 -0.8  0.4  0.1 -1.0  0.1  0.2  0.0 -0.6 -0.9 -1.4 -1.1 -1.1  
THR   0.0 -0.1 -0.5 -0.4 -0.3 -0.5 -0.3  0.2 -0.2 -0.4 -0.4 -0.3 -0.2 -0.4 -0.4 -0.9 -0.9 -0.8 -0.8 -0.8  
ILE   0.1 -0.4  0.0 -0.8 -0.9 -0.3 -1.0  0.3 -0.8  0.4  0.2 -1.0  0.2  0.2  0.0 -0.6 -0.7 -1.4 -1.2 -1.2  
PRO   0.4  0.4  0.3 -0.1  0.2  0.2  0.3  0.8  0.2  0.5  0.3  0.4  0.6  0.4  0.3 -0.5 -0.6 -0.6 -0.8 -0.9  
MET   0.2 -0.3  0.0 -0.7 -0.8 -0.2 -0.8  0.2 -1.0  0.4  0.2 -0.9  0.3  0.3  0.0 -0.6 -0.9 -1.4 -1.1 -1.1  
ASP   0.2  0.1 -0.5  0.2  0.4 -0.4  0.4  0.5  0.4 -0.2 -0.6  0.5 -0.8  0.1 -0.3 -1.2 -1.0 -0.3 -0.7 -0.5  
ASN   0.1  0.1 -0.4 -0.1  0.1 -0.4  0.2  0.3  0.2 -0.6 -0.6  0.2 -0.2 -0.2 -0.3 -0.8 -0.8 -0.6 -0.8 -0.8  
LEU   0.2 -0.4  0.0 -0.9 -1.0 -0.3 -1.0  0.4 -0.9  0.5  0.2 -1.2  0.3  0.2 -0.2 -0.6 -0.8 -1.4 -1.1 -1.1  
LYS   0.4  0.4 -0.1  0.5  0.1 -0.2  0.2  0.6  0.3 -0.8 -0.2  0.3  0.3 -1.0 -0.3 -0.4 -0.6 -0.2 -0.8 -0.5  
GLU   0.4  0.4 -0.2  0.6  0.2 -0.4  0.2  0.4  0.3  0.1 -0.2  0.2 -1.0  0.2 -0.2 -1.4 -1.0 -0.4 -0.7 -0.6  
GLN   0.2  0.2 -0.2  0.0  0.0 -0.4  0.0  0.3  0.0 -0.3 -0.3 -0.2 -0.3 -0.2 -0.3 -1.0 -0.9 -0.6 -0.8 -0.9  
ARG   0.3  0.3 -0.8 -0.6 -0.6 -0.9 -0.6 -0.5 -0.6 -1.2 -0.8 -0.6 -0.4 -1.4 -1.0 -0.8 -0.9 -0.6 -1.0 -0.7  
HIS   0.3  0.0 -0.9 -1.3 -0.9 -0.9 -0.7 -0.6 -0.9 -1.0 -0.8 -0.8 -0.6 -1.0 -0.9 -0.9 -1.5 -0.9 -1.2 -1.1  
PHE   0.1 -0.2 -0.8 -1.5 -1.4 -0.8 -1.4 -0.6 -1.4 -0.3 -0.6 -1.4 -0.2 -0.4 -0.6 -0.6 -0.9 -1.5 -1.3 -1.4  
TYR   0.0 -0.1 -0.8 -1.1 -1.1 -0.8 -1.2 -0.8 -1.1 -0.7 -0.8 -1.1 -0.8 -0.7 -0.8 -1.0 -1.2 -1.3 -1.1 -1.3  
TRP   0.1  0.2 -0.8 -1.3 -1.1 -0.8 -1.2 -0.9 -1.1 -0.5 -0.8 -1.1 -0.5 -0.6 -0.9 -0.7 -1.1 -1.4 -1.3 -1.6  

MID   GLY  ALA  SER  CYS  VAL  THR  ILE  PRO  MET  ASP  ASN  LEU  LYS  GLU  GLN  ARG  HIS  PHE  TYR  TRP   
GLY   0.1  0.4  0.1 -0.3  0.3  0.2  0.3  0.5  0.2  0.5  0.2  0.3  0.7  0.9  0.5  0.4  0.4  0.2  0.2  0.2  
ALA   0.4  0.1  0.3 -0.2 -0.2  0.2 -0.1  0.5  0.0  0.6  0.4 -0.2  0.8  0.8  0.4  0.5  0.5  0.0  0.2  0.3  
SER   0.1  0.3  0.1 -0.1  0.4  0.2  0.4  0.5  0.4  0.2  0.3  0.4  0.7  0.5  0.3 -0.4 -0.6 -0.6 -0.6 -0.7  
CYS  -0.3 -0.2 -0.1 -2.7 -0.3  0.0 -0.2  0.1 -0.3  0.3  0.3 -0.4  0.8  0.8  0.3 -0.6 -1.1 -1.2 -1.0 -1.1  
VAL   0.3 -0.2  0.4 -0.3 -0.2  0.3 -0.2  0.3 -0.2  0.8  0.7 -0.4  1.0  0.9  0.6 -0.3 -0.4 -1.0 -0.7 -0.9  
THR   0.2  0.2  0.2  0.0  0.3  0.3  0.4  0.5  0.3  0.3  0.4  0.4  0.8  0.5  0.4 -0.3 -0.5 -0.6 -0.5 -0.6  
ILE   0.3 -0.1  0.4 -0.2 -0.2  0.4 -0.3  0.4 -0.2  0.9  0.7 -0.3  1.0  0.8  0.7 -0.2 -0.5 -1.1 -0.8 -1.0  
PRO   0.5  0.5  0.5  0.1  0.3  0.5  0.4  0.5  0.3  0.8  0.6  0.4  1.1  0.7  0.5 -0.4 -0.5 -0.6 -0.8 -0.8  
MET   0.2  0.0  0.4 -0.3 -0.2  0.3 -0.2  0.3 -0.5  0.9  0.6 -0.3  1.0  0.9  0.5 -0.4 -0.6 -1.2 -1.0 -1.0  
ASP   0.5  0.6  0.2  0.3  0.8  0.3  0.9  0.8  0.9  0.6  0.2  0.8  0.1  1.1  0.6 -0.8 -0.6 -0.2 -0.5 -0.5  
ASN   0.2  0.4  0.3  0.3  0.7  0.4  0.7  0.6  0.6  0.2  0.1  0.6  0.6  0.6  0.3 -0.3 -0.5 -0.4 -0.6 -0.5  
LEU   0.3 -0.2  0.4 -0.4 -0.4  0.4 -0.3  0.4 -0.3  0.8  0.6 -0.5  0.8  0.8  0.4 -0.4 -0.5 -1.2 -0.9 -1.0  
LYS   0.7  0.8  0.7  0.8  1.0  0.8  1.0  1.1  1.0  0.1  0.6  0.8  1.6  0.2  0.8  0.2  0.0 -0.1 -0.3 -0.2  
GLU   0.9  0.8  0.5  0.8  0.9  0.5  0.8  0.7  0.9  1.1  0.6  0.8  0.2  1.2  0.7 -0.7 -0.4 -0.1 -0.4 -0.3  
GLN   0.5  0.4  0.3  0.3  0.6  0.4  0.7  0.5  0.5  0.6  0.3  0.4  0.8  0.7  0.6 -0.4 -0.2 -0.3 -0.4 -0.5  
ARG   0.4  0.5 -0.4 -0.6 -0.3 -0.3 -0.2 -0.4 -0.4 -0.8 -0.3 -0.4  0.2 -0.7 -0.4 -0.2 -0.4 -0.4 -0.5 -0.6  
HIS   0.4  0.5 -0.6 -1.1 -0.4 -0.5 -0.5 -0.5 -0.6 -0.6 -0.5 -0.5  0.0 -0.4 -0.2 -0.4 -1.0 -0.6 -0.7 -0.8  
PHE   0.2  0.0 -0.6 -1.2 -1.0 -0.6 -1.1 -0.6 -1.2 -0.2 -0.4 -1.2 -0.1 -0.1 -0.3 -0.4 -0.6 -1.4 -1.0 -1.2  
TYR   0.2  0.2 -0.6 -1.0 -0.7 -0.5 -0.8 -0.8 -1.0 -0.5 -0.6 -0.9 -0.3 -0.4 -0.4 -0.5 -0.7 -1.0 -0.8 -1.0  
TRP   0.2  0.3 -0.7 -1.1 -0.9 -0.6 -1.0 -0.8 -1.0 -0.5 -0.5 -1.0 -0.2 -0.3 -0.5 -0.6 -0.8 -1.2 -1.0 -1.1  

ANT   GLY  ALA  SER  CYS  VAL  THR  ILE  PRO  MET  ASP  ASN  LEU  LYS  GLU  GLN  ARG  HIS  PHE  TYR  TRP   
GLY   0.1  0.1  0.1 -0.4  0.1  0.2  0.2  0.4  0.2  0.5  0.3  0.3  1.0  1.0  0.6  0.7  0.5  0.3  0.4  0.3  
ALA   0.1 -0.1  0.3 -0.3 -0.5  0.2 -0.4  0.4 -0.2  1.0  0.7 -0.4  1.0  1.0  0.6  0.6  0.4 -0.3  0.0  0.1  
SER   0.1  0.3  0.3 -0.1  0.3  0.5  0.4  0.5  0.6  0.7  0.5  0.3  1.3  0.9  0.7 -0.2 -0.6 -0.7 -0.6 -0.5  
CYS  -0.4 -0.3 -0.1 -3.3 -0.3 -0.1 -0.2 -0.1 -0.4  0.6  0.2 -0.4  0.4  0.7  0.1 -0.7 -1.2 -1.4 -1.2 -1.2  
VAL   0.1 -0.5  0.3 -0.3 -0.6  0.3 -0.5  0.3 -0.2  1.0  0.7 -0.4  0.7  0.8  0.4 -0.3 -0.7 -1.3 -1.0 -1.1  
THR   0.2  0.2  0.5 -0.1  0.3  0.6  0.3  0.6  0.5  0.9  0.5  0.3  1.2  1.0  0.6 -0.1 -0.6 -0.8 -0.6 -0.8  
ILE   0.2 -0.4  0.4 -0.2 -0.5  0.3 -0.5  0.4 -0.3  0.9  0.7 -0.4  0.7  0.7  0.3 -0.4 -0.8 -1.4 -1.1 -1.2  
PRO   0.4  0.4  0.5 -0.1  0.3  0.6  0.4  0.4  0.3  1.0  0.6  0.4  1.3  1.0  0.6 -0.1 -0.6 -0.7 -0.8 -0.8  
MET   0.2 -0.2  0.6 -0.4 -0.2  0.5 -0.3  0.3 -0.7  1.1  0.5 -0.3  0.7  1.1  0.3 -0.3 -0.7 -1.4 -0.9 -1.1  
ASP   0.5  1.0  0.7  0.6  1.0  0.9  0.9  1.0  1.1  1.8  0.8  1.0  0.9  2.1  1.2 -0.2 -0.3 -0.1 -0.2 -0.2  
ASN   0.3  0.7  0.5  0.2  0.7  0.5  0.7  0.6  0.5  0.8  0.6  0.8  1.4  1.2  0.8  0.1 -0.2 -0.4 -0.3 -0.4  
LEU   0.3 -0.4  0.3 -0.4 -0.4  0.3 -0.4  0.4 -0.3  1.0  0.8 -0.4  0.6  0.7  0.3 -0.4 -0.6 -1.4 -1.1 -1.1  
LYS   1.0  1.0  1.3  0.4  0.7  1.2  0.7  1.3  0.7  0.9  1.4  0.6  2.5  1.4  1.5  1.0  0.3 -0.2  0.0  0.0  
GLU   1.0  1.0  0.9  0.7  0.8  1.0  0.7  1.0  1.1  2.1  1.2  0.7  1.4  2.3  1.6 -0.1  0.0 -0.1 -0.1 -0.2  
GLN   0.6  0.6  0.7  0.1  0.4  0.6  0.3  0.6  0.3  1.2  0.8  0.3  1.5  1.6  0.8  0.2 -0.1 -0.4 -0.3 -0.4  
ARG   0.7  0.6 -0.2 -0.7 -0.3 -0.1 -0.4 -0.1 -0.3 -0.2  0.1 -0.4  1.0 -0.1  0.2  0.4  0.0 -0.5 -0.3 -0.5  
HIS   0.5  0.4 -0.6 -1.2 -0.7 -0.6 -0.8 -0.6 -0.7 -0.3 -0.2 -0.6  0.3  0.0 -0.1  0.0 -0.9 -0.8 -0.6 -0.9  
PHE   0.3 -0.3 -0.7 -1.4 -1.3 -0.8 -1.4 -0.7 -1.4 -0.1 -0.4 -1.4 -0.2 -0.1 -0.4 -0.5 -0.8 -1.6 -1.2 -1.2  
TYR   0.4  0.0 -0.6 -1.2 -1.0 -0.6 -1.1 -0.8 -0.9 -0.2 -0.3 -1.1  0.0 -0.1 -0.3 -0.3 -0.6 -1.2 -0.9 -1.1  
TRP   0.3  0.1 -0.5 -1.2 -1.1 -0.8 -1.2 -0.8 -1.1 -0.2 -0.4 -1.1  0.0 -0.2 -0.4 -0.5 -0.9 -1.2 -1.1 -1.4  

PAR   GLY  ALA  SER  CYS  VAL  THR  ILE  PRO  MET  ASP  ASN  LEU  LYS  GLU  GLN  ARG  HIS  PHE  TYR  TRP  
GLY   4.5  4.5  5.1  5.2  4.9  5.0  5.2  4.4  5.3  6.1  5.3  5.7  4.9  5.3  7.2  6.7  5.3  5.3  6.2  4.5 
ALA   4.5  4.8  4.9  5.1  5.2  4.9  5.5  4.9  5.3  5.0  4.9  5.4  5.4  4.8  5.3  5.5  5.3  5.8  5.7  5.8 
SER   5.1  4.9  5.0  5.5  5.4  5.2  5.8  5.1  5.5  5.4  5.2  5.5  5.4  4.9  5.3  5.7  5.5  5.5  6.1  5.6 
CYS   5.2  5.1  5.5  4.2  5.8  6.0  5.9  5.2  5.3  5.1  5.2  5.7  6.5  5.7  6.1  6.1  6.0  5.9  5.9  6.5 
VAL   4.9  5.2  5.4  5.8  5.8  5.8  6.1  5.5  5.9  5.6  5.4  6.1  6.3  5.5  6.0  6.0  5.8  6.1  6.1  6.4 
THR   5.0  4.9  5.2  6.0  5.8  5.5  6.1  5.3  5.7  5.2  5.2  5.9  5.6  5.3  6.3  6.0  5.9  5.9  6.5  6.5 
ILE   5.2  5.5  5.8  5.9  6.1  6.1  6.4  5.9  6.1  6.0  5.3  6.3  5.9  5.9  6.0  6.2  6.3  6.4  6.2  6.6 
PRO   4.4  4.9  5.1  5.2  5.5  5.3  5.9  5.2  6.1  5.4  5.1  5.9  5.4  5.6  5.8  5.3  5.4  5.6  6.0  5.9 
MET   5.3  5.3  5.5  5.3  5.9  5.7  6.1  6.1  5.5  5.5  5.7  6.3  5.8  6.2  5.2  6.1  5.7  6.0  6.0  6.6 
ASP   6.1  5.0  5.4  5.1  5.6  5.2  6.0  5.4  5.5  5.0  5.0  5.6  5.8  5.0  5.5  6.0  5.5  5.6  6.2  6.3 
ASN   5.3  4.9  5.2  5.2  5.4  5.2  5.3  5.1  5.7  5.0  6.1  5.8  5.9  5.0  5.9  6.0  5.5  6.1  6.1  6.2 
LEU   5.7  5.4  5.5  5.7  6.1  5.9  6.3  5.9  6.3  5.6  5.8  6.2  6.0  5.7  5.6  6.0  5.8  6.3  6.0  6.6 
LYS   4.9  5.4  5.4  6.5  6.3  5.6  5.9  5.4  5.8  5.8  5.9  6.0  5.5  6.3  5.8  5.3  5.9  5.8  5.8  5.0 
GLU   5.3  4.8  4.9  5.7  5.5  5.3  5.9  5.6  6.2  5.0  5.0  5.7  6.3  5.7  6.5  6.1  5.8  6.0  6.5  6.8 
GLN   7.2  5.3  5.3  6.1  6.0  6.3  6.0  5.8  5.2  5.5  5.9  5.6  5.8  6.5  6.1  6.4  6.8  6.1  5.5  6.7 
ARG   6.7  5.5  5.7  6.1  6.0  6.0  6.2  5.3  6.1  6.0  6.0  6.0  5.3  6.1  6.4  6.7  5.5  5.9  6.5  6.3 
HIS   5.3  5.3  5.5  6.0  5.8  5.9  6.3  5.4  5.7  5.5  5.5  5.8  5.9  5.8  6.8  5.5  6.2  6.1  5.7  6.6 
PHE   5.3  5.8  5.5  5.9  6.1  5.9  6.4  5.6  6.0  5.6  6.1  6.3  5.8  6.0  6.1  5.9  6.1  6.4  6.1  6.3 
TYR   6.2  5.7  6.1  5.9  6.1  6.5  6.2  6.0  6.0  6.2  6.1  6.0  5.8  6.5  5.5  6.5  5.7  6.1  6.2  6.1 
TRP   4.5  5.8  5.6  6.5  6.4  6.5  6.6  5.9  6.6  6.3  6.2  6.6  5.0  6.8  6.7  6.3  6.6  6.3  6.1  7.0 

MID   GLY  ALA  SER  CYS  VAL  THR  ILE  PRO  MET  ASP  ASN  LEU  LYS  GLU  GLN  ARG  HIS  PHE  TYR  TRP  
GLY   4.5  4.7  4.4  5.3  4.6  5.5  5.1  4.0  5.8  4.7  5.6  4.9  4.7  5.6  5.9  6.3  5.4  6.0  4.8  5.2 
ALA   4.7  4.7  4.7  5.3  5.4  5.1  5.5  5.3  5.3  5.0  5.2  5.5  5.2  5.0  5.4  5.5  5.2  5.5  5.6  5.9 
SER   4.4  4.7  5.0  5.3  5.4  5.2  5.4  5.2  5.2  4.7  5.1  5.6  5.5  5.2  5.3  5.4  5.4  5.6  5.9  5.7 
CYS   5.3  5.3  5.3  4.3  5.7  5.5  5.5  5.7  5.8  5.4  5.7  5.7  6.2  5.1  5.4  5.6  5.9  5.8  6.1  6.1 
VAL   4.6  5.4  5.4  5.7  5.8  5.7  6.0  5.7  5.9  5.6  5.6  6.0  5.9  5.4  5.4  6.0  5.6  6.0  6.0  6.3 
THR   5.5  5.1  5.2  5.5  5.7  5.4  5.8  5.5  5.9  5.3  5.5  5.8  5.7  5.2  5.3  6.0  5.6  6.1  6.1  6.5 
ILE   5.1  5.5  5.4  5.5  6.0  5.8  6.2  5.9  5.9  5.6  5.7  6.1  5.9  5.9  5.7  6.1  5.9  6.2  6.2  6.3 
PRO   4.0  5.3  5.2  5.7  5.7  5.5  5.9  5.3  5.8  5.2  5.5  5.8  5.9  5.3  5.4  6.1  5.5  5.8  5.6  5.8 
MET   5.8  5.3  5.2  5.8  5.9  5.9  5.9  5.8  5.9  5.9  6.3  6.2  6.5  5.7  5.6  6.3  5.9  6.2  6.1  6.5 
ASP   4.7  5.0  4.7  5.4  5.6  5.3  5.6  5.2  5.9  5.5  5.2  5.6  5.6  5.9  5.5  5.6  5.8  5.9  6.2  6.0 
ASN   5.6  5.2  5.1  5.7  5.6  5.5  5.7  5.5  6.3  5.2  5.6  5.9  5.7  5.6  5.9  6.1  5.5  6.1  5.9  6.5 
LEU   4.9  5.5  5.6  5.7  6.0  5.8  6.1  5.8  6.2  5.6  5.9  6.2  5.8  5.5  5.9  6.1  5.8  6.2  6.1  6.3 
LYS   4.7  5.2  5.5  6.2  5.9  5.7  5.9  5.9  6.5  5.6  5.7  5.8  6.1  5.8  5.8  6.3  5.6  5.5  5.7  5.7 
GLU   5.6  5.0  5.2  5.1  5.4  5.2  5.9  5.3  5.7  5.9  5.6  5.5  5.8  6.1  5.7  5.9  5.7  5.9  6.1  6.2 
GLN   5.9  5.4  5.3  5.4  5.4  5.3  5.7  5.4  5.6  5.5  5.9  5.9  5.8  5.7  5.4  6.0  6.2  6.1  6.7  6.2 
ARG   6.3  5.5  5.4  5.6  6.0  6.0  6.1  6.1  6.3  5.6  6.1  6.1  6.3  5.9  6.0  6.6  5.9  6.1  6.3  5.9 
HIS   5.4  5.2  5.4  5.9  5.6  5.6  5.9  5.5  5.9  5.8  5.5  5.8  5.6  5.7  6.2  5.9  6.0  6.0  6.2  6.0 
PHE   6.0  5.5  5.6  5.8  6.0  6.1  6.2  5.8  6.2  5.9  6.1  6.2  5.5  5.9  6.1  6.1  6.0  6.3  6.4  6.5 
TYR   4.8  5.6  5.9  6.1  6.0  6.1  6.2  5.6  6.1  6.2  5.9  6.1  5.7  6.1  6.7  6.3  6.2  6.4  6.5  6.9 
TRP   5.2  5.9  5.7  6.1  6.3  6.5  6.3  5.8  6.5  6.0  6.5  6.3  5.7  6.2  6.2  5.9  6.0  6.5  6.9  7.5 

ANT   GLY  ALA  SER  CYS  VAL  THR  ILE  PRO  MET  ASP  ASN  LEU  LYS  GLU  GLN  ARG  HIS  PHE  TYR  TRP  
GLY   3.9  4.6  4.5  5.5  5.2  5.9  5.5  5.6  4.7  4.5  5.1  5.9  5.9  4.5  5.1  6.7  4.5  5.4  4.3  5.8 
ALA   4.6  4.7  4.7  5.0  4.9  5.2  5.2  5.2  5.0  4.9  5.0  5.2  5.2  5.2  5.0  5.5  5.2  5.1  5.5  5.8 
SER   4.5  4.7  4.9  5.1  5.1  4.8  5.3  5.4  5.5  5.2  5.2  5.2  4.9  5.1  5.4  5.6  5.3  5.4  5.8  5.8 
CYS   5.5  5.0  5.1  4.4  5.4  5.6  5.2  5.9  5.3  5.2  5.7  5.5  5.3  5.7  5.5  5.9  5.4  5.4  6.1  5.3 
VAL   5.2  4.9  5.1  5.4  5.5  5.6  5.6  5.8  5.5  5.5  5.4  5.6  5.7  5.3  5.6  5.6  5.4  5.6  5.9  6.3 
THR   5.9  5.2  4.8  5.6  5.6  5.4  5.6  5.4  5.5  5.5  5.3  5.6  5.3  5.4  5.6  5.9  5.5  5.7  5.9  6.1 
ILE   5.5  5.2  5.3  5.2  5.6  5.6  5.8  5.7  5.7  5.7  5.3  5.6  5.8  5.6  5.4  5.9  5.9  6.0  6.0  6.2 
PRO   5.6  5.2  5.4  5.9  5.8  5.4  5.7  4.9  5.4  5.2  5.3  5.6  5.9  5.5  5.7  5.7  5.5  5.5  5.8  5.4 
MET   4.7  5.0  5.5  5.3  5.5  5.5  5.7  5.4  5.9  6.1  5.2  5.4  5.8  5.9  4.9  5.8  5.0  5.8  6.3  6.1 
ASP   4.5  4.9  5.2  5.2  5.5  5.5  5.7  5.2  6.1  5.4  5.3  5.5  5.3  5.5  5.3  5.6  5.2  5.6  5.7  6.6 
ASN   5.1  5.0  5.2  5.7  5.4  5.3  5.3  5.3  5.2  5.3  5.4  5.7  5.3  5.3  5.3  5.5  5.4  5.8  5.7  5.7 
LEU   5.9  5.2  5.2  5.5  5.6  5.6  5.6  5.6  5.4  5.5  5.7  5.7  5.4  5.8  5.8  5.8  5.7  5.8  5.8  6.3 
LYS   5.9  5.2  4.9  5.3  5.7  5.3  5.8  5.9  5.8  5.3  5.3  5.4  5.7  5.3  5.7  6.5  5.2  5.5  5.6  5.6 
GLU   4.5  5.2  5.1  5.7  5.3  5.4  5.6  5.5  5.9  5.5  5.3  5.8  5.3  6.1  5.4  5.7  5.5  5.8  5.8  6.3 
GLN   5.1  5.0  5.4  5.5  5.6  5.6  5.4  5.7  4.9  5.3  5.3  5.8  5.7  5.4  5.8  6.1  5.2  5.7  5.6  5.5 
ARG   6.7  5.5  5.6  5.9  5.6  5.9  5.9  5.7  5.8  5.6  5.5  5.8  6.5  5.7  6.1  6.5  5.7  5.7  6.0  6.0 
HIS   4.5  5.2  5.3  5.4  5.4  5.5  5.9  5.5  5.0  5.2  5.4  5.7  5.2  5.5  5.2  5.7  5.3  5.5  5.7  5.5 
PHE   5.4  5.1  5.4  5.4  5.6  5.7  6.0  5.5  5.8  5.6  5.8  5.8  5.5  5.8  5.7  5.7  5.5  6.2  5.9  6.2 
TYR   4.3  5.5  5.8  6.1  5.9  5.9  6.0  5.8  6.3  5.7  5.7  5.8  5.6  5.8  5.6  6.0  5.7  5.9  6.3  6.5 
TRP   5.8  5.8  5.8  5.3  6.3  6.1  6.2  5.4  6.1  6.6  5.7  6.3  5.6  6.3  5.5  6.0  5.5  6.2  6.5  6.4 

