##### ri,i+1 #####
GLY GLY 53
-1.61  2.00  2.00  2.00  2.00 
GLY ALA 73
-1.61  2.00  2.00  2.00  2.00 
GLY SER 68
-1.08 -0.72  2.00  2.00  2.00 
GLY CYS 15
-1.30 -0.29  2.00  2.00  2.00 
GLY VAL 145
 0.11 -1.41  2.00  2.00  2.00 
GLY THR 79
-0.28 -1.30  2.00  2.00  2.00 
GLY ILE 127
 1.85 -1.58  2.00  2.00  2.00 
GLY PRO 26
-1.61  2.00  2.00  2.00  2.00 
GLY MET 27
 1.69 -1.20 -0.39  2.00  2.00 
GLY ASP 28
-0.07 -1.11  0.11  2.00  2.00 
GLY ASN 35
 0.34 -1.10 -0.25  2.00  2.00 
GLY LEU 105
 2.00 -1.37  0.00  2.00  2.00 
GLY LYS 39
 0.44 -0.51 -0.89  1.36  2.00 
GLY GLU 55
 1.70 -0.49 -1.16  2.00  2.00 
GLY GLN 27
 0.30 -0.88 -0.62  2.00  2.00 
GLY ARG 49
 2.00 -0.12 -0.76 -0.43  2.00 
GLY HIS 32
 0.25 -0.85 -0.63  2.00  2.00 
GLY PHE 80
-0.12 -0.94  0.47  0.37  2.00 
GLY TYR 63
 1.84 -1.08  0.45 -0.24  2.00 
GLY TRP 27
 0.59 -0.62 -0.39 -0.11  2.00 
ALA GLY 71
-1.61  2.00  2.00  2.00  2.00 
ALA ALA 93
-0.07 -1.37  2.00  2.00  2.00 
ALA SER 70
 2.00 -1.61  2.00  2.00  2.00 
ALA CYS 25
 0.92 -1.53  2.00  2.00  2.00 
ALA VAL 204
 2.00 -1.61  2.00  2.00  2.00 
ALA THR 88
 2.00 -1.61  2.00  2.00  2.00 
ALA ILE 167
 2.00 -1.38 -0.02  2.00  2.00 
ALA PRO 30
-1.54  1.10  2.00  2.00  2.00 
ALA MET 36
 1.97  0.03 -1.28  1.28  2.00 
ALA ASP 45
 2.00 -0.85 -0.98  2.00  2.00 
ALA ASN 47
 2.00 -1.16 -0.53  2.00  2.00 
ALA LEU 125
 2.00 -0.91 -0.92  2.00  2.00 
ALA LYS 55
 2.00  0.61 -0.82 -0.78  2.00 
ALA GLU 60
 2.00  0.69 -1.30  0.29  2.00 
ALA GLN 34
 2.00  1.22 -1.17 -0.39  2.00 
ALA ARG 52
 2.00  2.00 -0.30 -1.09  0.40 
ALA HIS 39
 2.00 -0.34  0.11 -0.94  2.00 
ALA PHE 88
 2.00 -0.63 -0.89  0.38  2.00 
ALA TYR 68
 2.00  0.31 -0.82 -0.57  1.92 
ALA TRP 24
 2.00  0.18 -0.51 -0.63  0.47 
SER GLY 53
-1.33 -0.20  2.00  2.00  2.00 
SER ALA 60
 0.88 -1.52  2.00  2.00  2.00 
SER SER 43
 1.46 -1.49  1.05  2.00  2.00 
SER CYS 36
 1.28 -1.20 -0.33  2.00  2.00 
SER VAL 152
 2.00 -0.96 -0.88  2.00  2.00 
SER THR 66
 2.00 -1.51  0.97  2.00  2.00 
SER ILE 124
 2.00  0.08 -1.40  2.00  2.00 
SER PRO 17
-0.86 -0.97  2.00  2.00  2.00 
SER MET 37
 2.00  2.00 -1.26 -0.40  2.00 
SER ASP 26
 0.96 -0.43 -1.12  2.00  2.00 
SER ASN 30
 0.41 -0.51 -0.85  1.10  2.00 
SER LEU 125
 2.00  0.45 -1.31  0.45  2.00 
SER LYS 38
 2.00  1.34 -0.74 -0.81  0.93 
SER GLU 28
 1.72  0.34 -0.76 -0.68  2.00 
SER GLN 29
 2.00  0.66 -0.95 -0.64  2.00 
SER ARG 28
 2.00  1.03  0.34 -0.84 -0.47 
SER HIS 22
 2.00  1.48 -1.23 -0.31  2.00 
SER PHE 96
 2.00  1.01 -1.20 -0.04  1.57 
SER TYR 65
 2.00  0.96 -1.05  0.62 -0.14 
SER TRP 25
 2.00  0.92 -0.69 -0.34 -0.18 
CYS GLY 30
-0.92 -0.92  2.00  2.00  2.00 
CYS ALA 30
 1.10 -1.54  2.00  2.00  2.00 
CYS SER 30
 2.00 -1.25 -0.41  2.00  2.00 
CYS CYS 19
 2.00 -0.61 -1.15  2.00  2.00 
CYS VAL 48
 2.00 -0.92 -0.92  2.00  2.00 
CYS THR 30
 2.00 -0.61 -1.15  2.00  2.00 
CYS ILE 29
 2.00  1.76 -1.57  2.00  2.00 
CYS PRO 9
-0.11 -1.36  2.00  2.00  2.00 
CYS MET 9
 2.00  0.59 -1.20 -0.11  2.00 
CYS ASP 6
 2.00  0.18 -1.43  2.00  2.00 
CYS ASN 11
 2.00  0.10 -1.41  2.00  2.00 
CYS LEU 31
 2.00  1.82 -1.22 -0.37  2.00 
CYS LYS 15
 2.00  2.00  0.41 -1.30  0.41 
CYS GLU 20
 2.00  0.69 -1.01 -0.56  2.00 
CYS GLN 14
 2.00  2.00 -0.92 -0.92  2.00 
CYS ARG 24
 2.00  1.57  0.47 -1.14 -0.04 
CYS HIS 11
 2.00  2.00 -1.16 -0.60  2.00 
CYS PHE 24
 2.00  1.57 -1.07 -0.22  0.47 
CYS TYR 22
 2.00  2.00 -0.92 -0.31 -0.13 
CYS TRP 6
 2.00  2.00 -0.51 -0.51 -0.51 
VAL GLY 150
 0.00 -1.39  2.00  2.00  2.00 
VAL ALA 194
 2.00 -1.60  2.00  2.00  2.00 
VAL SER 190
 2.00 -1.12 -0.64  2.00  2.00 
VAL CYS 56
 2.00 -0.88 -0.95  2.00  2.00 
VAL VAL 354
 2.00  0.50 -1.48  2.00  2.00 
VAL THR 243
 2.00  0.10 -1.41  2.00  2.00 
VAL ILE 249
 2.00  1.71 -1.57  2.00  2.00 
VAL PRO 60
 0.29 -1.45  2.00  2.00  2.00 
VAL MET 80
 2.00  2.00 -0.97 -0.81  2.00 
VAL ASP 112
 2.00  1.50 -1.25 -0.26  2.00 
VAL ASN 80
 2.00  0.37 -1.16 -0.12  2.00 
VAL LEU 296
 2.00  2.00 -1.24 -0.38  2.00 
VAL LYS 175
 2.00  2.00  0.06 -1.18  0.38 
VAL GLU 178
 2.00  2.00 -0.36 -1.26  2.00 
VAL GLN 90
 2.00  2.00 -0.44 -1.22  2.00 
VAL ARG 129
 2.00  2.00  0.69 -0.79 -0.77 
VAL HIS 81
 2.00  1.40 -0.93 -0.80  2.00 
VAL PHE 159
 2.00  1.85 -1.06 -0.10  0.16 
VAL TYR 149
 2.00  2.00 -0.80 -0.37 -0.22 
VAL TRP 60
 2.00  2.00  0.00 -0.88 -0.46 
THR GLY 68
-0.53 -1.20  2.00  2.00  2.00 
THR ALA 91
 2.00 -1.60  2.00  2.00  2.00 
THR SER 71
 2.00 -1.04 -0.75  2.00  2.00 
THR CYS 50
 2.00 -0.79 -1.03  2.00  2.00 
THR VAL 252
 2.00  0.16 -1.42  2.00  2.00 
THR THR 82
 2.00 -0.64 -1.13  2.00  2.00 
THR ILE 173
 2.00  1.75 -1.57  2.00  2.00 
THR PRO 36
-0.11 -1.36  2.00  2.00  2.00 
THR MET 33
 2.00  0.79 -1.16 -0.31  2.00 
THR ASP 35
 1.25  0.85 -1.39  1.25  2.00 
THR ASN 38
 0.64 -0.27 -0.97  0.64  2.00 
THR LEU 191
 2.00  2.00 -1.25 -0.42  2.00 
THR LYS 63
 2.00  0.92 -0.30 -0.99  0.74 
THR GLU 49
 2.00  0.49 -0.55 -0.98  2.00 
THR GLN 32
 1.86  0.76 -0.34 -1.09  2.00 
THR ARG 63
 2.00  2.00  0.14 -0.64 -0.76 
THR HIS 33
 0.79  0.79 -0.51 -0.82  1.89 
THR PHE 121
 2.00  2.00 -1.20 -0.03  0.55 
THR TYR 93
 2.00  2.00 -0.84 -0.25 -0.30 
THR TRP 42
 2.00  2.00 -0.17 -1.01 -0.07 
ILE GLY 149
 1.45 -1.56  2.00  2.00  2.00 
ILE ALA 164
 2.00 -0.60 -1.15  2.00  2.00 
ILE SER 114
 2.00 -0.21 -1.33  2.00  2.00 
ILE CYS 39
 2.00  0.44 -1.35  0.67  2.00 
ILE VAL 236
 2.00  2.00 -1.57  1.91  2.00 
ILE THR 152
 2.00  1.11 -1.53  2.00  2.00 
ILE ILE 173
 2.00  2.00 -1.21 -0.48  2.00 
ILE PRO 49
 2.00 -1.57  1.59  2.00  2.00 
ILE MET 51
 2.00  2.00 -0.08 -1.20  0.53 
ILE ASP 110
 2.00  1.99 -0.76 -1.00  2.00 
ILE ASN 86
 2.00  2.00 -0.79 -1.01  2.00 
ILE LEU 196
 2.00  2.00 -0.73 -1.07  2.00 
ILE LYS 104
 2.00  1.94  1.43 -0.86 -0.82 
ILE GLU 124
 2.00  2.00  0.44 -1.20  0.03 
ILE GLN 60
 2.00  1.79  0.54 -1.15 -0.08 
ILE ARG 104
 2.00  2.00  1.94 -0.40 -1.20 
ILE HIS 66
 2.00  2.00 -0.51 -0.60 -0.42 
ILE PHE 93
 2.00  2.00 -0.17 -0.91 -0.12 
ILE TYR 120
 2.00  2.00  0.34 -1.03 -0.35 
ILE TRP 27
 2.00  2.00  0.99 -0.71 -0.95 
PRO GLY 13
 2.00 -1.61  2.00  2.00  2.00 
PRO ALA 18
 2.00 -1.43  0.18  2.00  2.00 
PRO SER 16
 2.00 -0.45 -1.23  2.00  2.00 
PRO CYS 7
 2.00 -0.76 -1.05  2.00  2.00 
PRO VAL 76
 2.00  2.00 -1.60  2.00  2.00 
PRO THR 18
 2.00 -0.11 -1.36  2.00  2.00 
PRO ILE 37
 2.00  1.31 -1.52  2.00  2.00 
PRO PRO 2
 2.00 -1.61  2.00  2.00  2.00 
PRO MET 10
 2.00  2.00 -1.50  0.69  2.00 
PRO ASP 6
 0.18 -0.51  2.00 -0.92  2.00 
PRO ASN 4
 2.00 -0.22 -0.92 -0.22  2.00 
PRO LEU 33
 2.00  1.89 -1.20 -0.42  2.00 
PRO LYS 8
 2.00  2.00 -1.14 -0.63  2.00 
PRO GLU 0
 2.00  2.00  2.00  2.00  2.00 
PRO GLN 3
 2.00  2.00 -0.51 -1.20  2.00 
PRO ARG 8
 2.00  2.00  0.47 -0.92 -0.63 
PRO HIS 10
 2.00  2.00 -1.25  0.69  0.00 
PRO PHE 21
 1.44  1.44 -0.51 -0.36 -0.36 
PRO TYR 18
 2.00  1.28  0.18 -0.80 -0.51 
PRO TRP 5
 2.00  2.00  0.00 -1.10  0.00 
MET GLY 29
 1.06 -1.08 -0.54  2.00  2.00 
MET ALA 39
 2.00 -0.34 -1.24  2.00  2.00 
MET SER 30
 2.00  0.18 -1.20  0.18  2.00 
MET CYS 11
 2.00  0.10 -1.29  0.79  2.00 
MET VAL 85
 2.00  2.00 -1.21 -0.50  2.00 
MET THR 29
 2.00  1.76 -1.19 -0.44  2.00 
MET ILE 49
 2.00  2.00 -1.08 -0.66  2.00 
MET PRO 20
 0.69 -1.10 -0.41  2.00  2.00 
MET MET 15
 2.00  2.00  0.41 -1.10 -0.29 
MET ASP 19
 1.34  2.00 -0.74 -0.86  1.34 
MET ASN 15
 2.00  1.10 -1.10 -0.51  2.00 
MET LEU 45
 2.00  2.00 -0.20 -1.20  1.10 
MET LYS 20
 2.00  2.00  2.00 -0.22 -1.32 
MET GLU 27
 2.00  2.00  0.59 -1.09 -0.39 
MET GLN 13
 2.00  2.00  0.26 -0.43 -0.99 
MET ARG 19
 2.00  2.00  2.00 -0.05 -1.37 
MET HIS 5
 2.00  2.00 -1.10  0.00  0.00 
MET PHE 26
 2.00  2.00  0.96 -1.30  0.04 
MET TYR 25
 2.00  2.00  0.92 -0.88 -0.79 
MET TRP 12
 2.00  2.00  0.18  0.88 -1.32 
ASP GLY 22
-0.82 -0.82  0.79  2.00  2.00 
ASP ALA 34
 2.00 -1.08 -0.72  2.00  2.00 
ASP SER 29
 1.06 -0.44 -1.13  2.00  2.00 
ASP CYS 12
 2.00  0.18 -1.32  0.88  2.00 
ASP VAL 82
 2.00  0.49 -1.05 -0.42  2.00 
ASP THR 21
 2.00 -0.36 -1.13  0.74  2.00 
ASP ILE 72
 2.00  2.00 -0.97 -0.83  2.00 
ASP PRO 14
 1.03 -1.27 -0.07  2.00  2.00 
ASP MET 14
 2.00  1.03 -0.07 -1.27  2.00 
ASP ASP 10
 2.00  0.00 -1.10  0.69  0.69 
ASP ASN 16
 0.06 -0.45 -0.63  0.47  2.00 
ASP LEU 64
 2.00  2.00 -0.67 -1.03  1.86 
ASP LYS 12
-0.22  2.00 -0.22 -0.73  0.88 
ASP GLU 12
 2.00  0.18 -0.22 -0.51 -0.22 
ASP GLN 12
 0.88 -0.51 -0.22 -0.51  2.00 
ASP ARG 21
 1.44  0.74  1.44 -0.51 -0.87 
ASP HIS 8
 2.00  0.47 -0.92 -0.22  0.47 
ASP PHE 36
 2.00  2.00  0.03 -1.07 -0.11 
ASP TYR 24
 2.00  1.57  0.18 -0.83 -0.51 
ASP TRP 7
 2.00  2.00  0.34  2.00 -1.46 
ASN GLY 21
 0.34 -1.13 -0.17  2.00  2.00 
ASN ALA 36
 1.28 -0.73 -0.97  2.00  2.00 
ASN SER 28
 1.72  0.11 -1.32  1.72  2.00 
ASN CYS 16
 2.00  0.47 -1.32  0.47  2.00 
ASN VAL 102
 2.00  0.82 -1.14 -0.35  2.00 
ASN THR 42
 2.00 -0.07 -1.31  1.44  2.00 
ASN ILE 49
 2.00  1.59 -0.66 -1.05  2.00 
ASN PRO 10
-0.41 -0.69 -0.41  2.00  2.00 
ASN MET 12
 2.00  2.00  0.18 -1.20  0.18 
ASN ASP 15
 1.10  0.00 -0.69 -0.51  2.00 
ASN ASN 13
 2.00  0.26 -1.12 -0.14  2.00 
ASN LEU 59
 2.00  2.00 -0.42 -1.17  1.37 
ASN LYS 17
 2.00  1.22 -0.57 -0.97  1.22 
ASN GLU 12
 0.88  2.00  2.00 -1.20 -0.22 
ASN GLN 13
 2.00  2.00  0.26 -1.35  0.96 
ASN ARG 13
 2.00  0.26  0.96 -0.14 -0.99 
ASN HIS 8
 2.00 -0.22 -0.22 -0.63  0.47 
ASN PHE 42
 2.00  2.00  0.18 -1.24  0.52 
ASN TYR 41
 2.00  2.00  0.16 -0.73 -0.67 
ASN TRP 18
 2.00  2.00 -0.11 -0.33 -0.92 
LEU GLY 105
 1.10 -1.30  0.00  2.00  2.00 
LEU ALA 124
 2.00 -0.78 -1.04  2.00  2.00 
LEU SER 136
 2.00  0.08 -1.33  1.22  2.00 
LEU CYS 41
 2.00  0.31 -1.26  0.31  2.00 
LEU VAL 274
 2.00  2.00 -1.29 -0.24  2.00 
LEU THR 187
 2.00  1.14 -1.38  0.36  2.00 
LEU ILE 190
 2.00  2.00 -1.06 -0.71  2.00 
LEU PRO 55
 2.00 -1.39  0.00  2.00  2.00 
LEU MET 57
 2.00  2.00 -0.21 -1.20  0.82 
LEU ASP 87
 2.00  1.47 -0.70 -0.95  1.76 
LEU ASN 84
 2.00  2.00 -0.87 -0.82  1.44 
LEU LEU 204
 2.00  2.00 -0.77 -0.95  1.76 
LEU LYS 108
 2.00  2.00  0.99 -0.90 -0.73 
LEU GLU 111
 2.00  2.00  0.54 -1.12 -0.23 
LEU GLN 72
 2.00  1.97  0.47 -1.09 -0.22 
LEU ARG 86
 2.00  2.00  2.00 -0.29 -1.25 
LEU HIS 47
 2.00  2.00 -0.40 -0.98  0.16 
LEU PHE 103
 2.00  2.00 -0.15 -0.98 -0.11 
LEU TYR 106
 2.00  2.00  0.75 -1.18 -0.20 
LEU TRP 32
 2.00  2.00  1.86 -0.71 -1.03 
LYS GLY 39
 2.00 -0.65 -0.99  1.36  2.00 
LYS ALA 78
 2.00  0.55 -0.92 -0.65  2.00 
LYS SER 42
 2.00  0.74 -0.64 -0.92  2.00 
LYS CYS 24
 2.00  0.88 -0.92 -0.73  2.00 
LYS VAL 189
 2.00  2.00 -0.32 -1.14  0.92 
LYS THR 59
 2.00  0.68 -0.48 -1.00  1.77 
LYS ILE 129
 2.00  2.00  0.61 -1.05 -0.41 
LYS PRO 35
 2.00 -0.13 -1.31  1.95  2.00 
LYS MET 29
 2.00  2.00  2.00 -0.44 -1.24 
LYS ASP 25
 2.00  1.61 -0.18 -0.88 -0.18 
LYS ASN 30
 1.79  1.10  0.00 -0.98  0.18 
LYS LEU 120
 2.00  2.00  0.88 -1.00 -0.63 
LYS LYS 35
 2.00  1.25  0.85 -0.45 -1.00 
LYS GLU 35
 2.00  1.95  1.25 -0.69 -0.94 
LYS GLN 16
 2.00  2.00  2.00 -1.14 -0.63 
LYS ARG 35
 2.00  1.95  1.95  0.15 -1.35 
LYS HIS 18
 1.28  0.59  2.00 -0.51 -0.92 
LYS PHE 70
 2.00  2.00  2.00 -0.76 -1.02 
LYS TYR 50
 2.00  2.00  1.61 -0.18 -1.28 
LYS TRP 25
 2.00  2.00  1.61 -0.34 -1.22 
GLU GLY 32
 1.16 -0.92 -0.78  2.00  2.00 
GLU ALA 48
 2.00 -0.45 -1.00  0.47  2.00 
GLU SER 26
 1.65  0.55 -1.12 -0.14  2.00 
GLU CYS 17
 2.00  2.00 -1.26 -0.39  2.00 
GLU VAL 168
 2.00  1.91 -0.75 -1.01  2.00 
GLU THR 50
 2.00  2.00 -1.13 -0.59  2.00 
GLU ILE 145
 2.00  2.00  0.32 -1.41  1.76 
GLU PRO 19
 2.00 -0.61 -1.15  2.00  2.00 
GLU MET 29
 1.76  2.00  1.06 -1.08 -0.44 
GLU ASP 17
 2.00  0.53  0.13 -0.97  0.13 
GLU ASN 16
 2.00  0.47  0.06 -1.03  0.47 
GLU LEU 115
 2.00  2.00  1.06 -1.22 -0.20 
GLU LYS 38
 2.00  0.93  0.64  0.64 -1.23 
GLU GLU 37
 2.00  0.62  0.39 -0.83 -0.40 
GLU GLN 22
 2.00  2.00 -0.46 -0.46 -0.60 
GLU ARG 43
 2.00  2.00  0.77  0.21 -1.28 
GLU HIS 4
 2.00  2.00 -0.22 -0.92 -0.22 
GLU PHE 68
 2.00  2.00  1.51 -0.97 -0.72 
GLU TYR 54
 2.00  2.00  1.69 -0.66 -1.05 
GLU TRP 18
 2.00  2.00  2.00 -0.11 -1.36 
GLN GLY 27
 0.99 -0.51 -1.09  2.00  2.00 
GLN ALA 36
 2.00  0.88 -1.39  0.59  2.00 
GLN SER 23
 2.00  1.53 -1.11 -0.55  2.00 
GLN CYS 17
 2.00  1.22 -1.17 -0.39  2.00 
GLN VAL 89
 2.00  1.78 -0.78 -0.95  2.00 
GLN THR 25
 2.00  2.00 -1.03 -0.79  2.00 
GLN ILE 72
 2.00  1.97 -0.04 -1.34  2.00 
GLN PRO 20
 2.00 -1.25 -0.41  2.00  2.00 
GLN MET 13
 2.00  2.00  0.96 -0.84 -0.84 
GLN ASP 16
 2.00  1.16 -0.63 -1.03  2.00 
GLN ASN 12
 2.00  0.18 -0.92 -0.51  2.00 
GLN LEU 78
 2.00  2.00  0.80 -1.35  0.35 
GLN LYS 29
 2.00  2.00  0.66 -0.54 -1.01 
GLN GLU 22
 1.48  1.48  1.48 -0.92 -0.60 
GLN GLN 29
 2.00  1.06  0.15 -0.19 -0.95 
GLN ARG 16
 2.00  1.16  2.00 -0.63 -1.03 
GLN HIS 16
 2.00  2.00  0.47 -0.92 -0.63 
GLN PHE 50
 2.00  2.00  2.00 -1.36  0.00 
GLN TYR 34
 2.00  2.00  2.00 -0.72 -1.08 
GLN TRP 14
 2.00  2.00  2.00  2.00 -1.61 
ARG GLY 31
 2.00  0.03 -0.81 -0.57  2.00 
ARG ALA 65
 2.00  1.87 -0.43 -0.96  0.49 
ARG SER 45
 2.00  2.00  0.25 -1.17  0.25 
ARG CYS 20
 2.00  2.00 -0.22 -1.10  0.29 
ARG VAL 147
 2.00  2.00  0.82 -0.79 -0.81 
ARG THR 50
 2.00  2.00  0.36 -0.96 -0.53 
ARG ILE 121
 2.00  2.00  1.39 -0.34 -1.17 
ARG PRO 31
 2.00  0.44 -0.95 -0.48  1.82 
ARG MET 21
 2.00  2.00  2.00  0.34 -1.46 
ARG ASP 26
 2.00  0.04  1.65 -0.30 -0.92 
ARG ASN 18
 2.00  2.00  1.28 -1.12 -0.51 
ARG LEU 116
 2.00  2.00  1.35  0.05 -1.31 
ARG LYS 29
 2.00  2.00  2.00  0.15 -1.42 
ARG GLU 41
 2.00  2.00  1.01  0.72 -1.42 
ARG GLN 21
 2.00  1.44  1.44  0.74 -1.40 
ARG ARG 30
 2.00  1.10  1.79  0.69 -1.39 
ARG HIS 16
 2.00  2.00  2.00 -0.45 -1.23 
ARG PHE 66
 2.00  2.00  2.00  0.38 -1.45 
ARG TYR 54
 1.69  2.00  2.00  1.28 -1.49 
ARG TRP 19
 2.00  2.00  1.34  2.00 -1.56 
HIS GLY 18
 0.18 -1.12  0.18  1.28  2.00 
HIS ALA 30
 2.00 -0.51 -0.61 -0.41  2.00 
HIS SER 26
 2.00  0.04 -0.14 -1.06  2.00 
HIS CYS 8
 0.47 -0.22 -0.92  0.47  2.00 
HIS VAL 66
 2.00  2.00 -0.85 -0.89  1.48 
HIS THR 32
 1.86  0.25 -0.22 -1.03  2.00 
HIS ILE 52
 2.00  2.00 -0.49 -0.95  0.26 
HIS PRO 8
 2.00  2.00 -1.61  2.00  2.00 
HIS MET 14
 2.00  2.00 -0.36 -0.76 -0.36 
HIS ASP 12
 2.00  0.88  0.18 -0.51 -0.73 
HIS ASN 14
 2.00  1.03 -0.76 -0.76  1.03 
HIS LEU 55
 2.00  2.00 -0.31 -0.65 -0.49 
HIS LYS 19
 2.00  1.34  1.34 -0.27 -1.15 
HIS GLU 13
 2.00  2.00 -0.14 -0.65 -0.65 
HIS GLN 17
 2.00  1.22  1.22 -0.16 -1.17 
HIS ARG 12
 2.00  0.88  0.88  0.18 -1.20 
HIS HIS 14
 2.00  1.03 -0.07 -0.58 -0.58 
HIS PHE 35
 2.00  2.00  1.25 -1.23 -0.25 
HIS TYR 42
 2.00  2.00  2.00 -1.01 -0.70 
HIS TRP 18
 2.00  2.00  1.28 -0.33 -1.20 
PHE GLY 68
 0.53 -0.76 -0.28  0.05  2.00 
PHE ALA 91
 2.00 -0.28 -0.28 -0.84  2.00 
PHE SER 100
 2.00  0.92 -0.59 -0.83  0.80 
PHE CYS 21
 2.00  0.74 -0.36 -0.64 -0.17 
PHE VAL 128
 2.00  2.00 -0.52 -0.63 -0.31 
PHE THR 106
 2.00  2.00 -0.71 -0.63  0.01 
PHE ILE 104
 2.00  2.00 -0.37 -0.40 -0.73 
PHE PRO 12
 0.88  0.18 -1.20  0.88  2.00 
PHE MET 25
 2.00  1.61  0.92 -0.69 -0.88 
PHE ASP 73
 2.00  2.00 -0.26 -0.36 -0.78 
PHE ASN 46
 2.00  1.53 -0.35 -0.49 -0.55 
PHE LEU 116
 2.00  2.00  0.51 -0.57 -0.97 
PHE LYS 67
 2.00  2.00  2.00 -0.45 -1.19 
PHE GLU 74
 2.00  2.00  1.60 -0.25 -1.26 
PHE GLN 50
 2.00  2.00  0.92  0.11 -1.28 
PHE ARG 62
 2.00  2.00  2.00  1.13 -1.53 
PHE HIS 33
 2.00  2.00  1.89 -0.82 -0.95 
PHE PHE 59
 2.00  2.00  1.37 -0.71 -1.00 
PHE TYR 61
 2.00  2.00  2.00 -0.49 -1.21 
PHE TRP 17
 2.00  2.00  2.00 -0.16 -1.34 
TYR GLY 60
 0.41 -0.77  0.88 -0.56  2.00 
TYR ALA 77
 2.00  0.03  0.03 -1.03  1.35 
TYR SER 84
 2.00  0.42 -0.36 -0.47 -0.27 
TYR CYS 16
 2.00  1.16 -1.03  0.47 -0.22 
TYR VAL 135
 2.00  2.00 -0.23  0.00 -0.97 
TYR THR 111
 2.00  1.15 -0.40  0.70 -0.99 
TYR ILE 103
 2.00  2.00 -0.11 -0.07 -0.98 
TYR PRO 22
 1.48  0.79 -0.60 -0.92  2.00 
TYR MET 20
 2.00  2.00  0.29  0.00 -1.18 
TYR ASP 67
 2.00  2.00 -0.45 -0.18 -0.77 
TYR ASN 43
 2.00  1.05 -0.33 -0.33 -0.62 
TYR LEU 96
 2.00  2.00  0.56 -0.26 -1.12 
TYR LYS 45
 2.00  2.00  2.00  0.12 -1.36 
TYR GLU 63
 2.00  2.00  1.84 -0.24 -1.27 
TYR GLN 39
 2.00  2.00  1.36 -0.43 -1.16 
TYR ARG 52
 2.00  2.00  2.00  0.55 -1.46 
TYR HIS 26
 2.00  2.00  1.65 -0.43 -1.18 
TYR PHE 64
 2.00  2.00  2.00 -0.09 -1.34 
TYR TYR 66
 2.00  2.00  2.00 -0.19 -1.31 
TYR TRP 30
 2.00  2.00  1.79  0.69 -1.47 
TRP GLY 16
 2.00 -0.78 -0.63  0.06  2.00 
TRP ALA 29
 2.00 -0.03 -0.54 -0.73  1.76 
TRP SER 25
 2.00  1.61 -0.18 -0.79 -0.34 
TRP CYS 6
 2.00  2.00 -1.43  0.18  2.00 
TRP VAL 47
 2.00  2.00  0.16 -0.53 -0.89 
TRP THR 30
 2.00  1.10 -0.41 -0.41 -0.51 
TRP ILE 35
 2.00  2.00  0.56  0.34 -1.31 
TRP PRO 3
 2.00 -0.51 -0.51 -0.51  2.00 
TRP MET 7
 2.00  2.00  2.00  0.34 -1.46 
TRP ASP 21
 2.00  2.00  0.74 -0.64 -0.96 
TRP ASN 15
 2.00  2.00 -0.29 -0.85 -0.29 
TRP LEU 24
 2.00  2.00  2.00 -0.04 -1.38 
TRP LYS 25
 2.00  2.00  2.00 -0.18 -1.34 
TRP GLU 29
 2.00  2.00  1.06  0.15 -1.33 
TRP GLN 17
 2.00  2.00  2.00 -0.72 -1.08 
TRP ARG 26
 1.65  1.65  2.00  0.26 -1.35 
TRP HIS 8
 2.00  2.00  0.47 -0.22 -1.14 
TRP PHE 18
 2.00  2.00  1.28  1.28 -1.49 
TRP TYR 25
 2.00  2.00  2.00  0.22 -1.44 
TRP TRP 4
 2.00  2.00  2.00  2.00 -1.61 
##### ri,i+2 #####
GLY GLY 51
 0.35 -1.33 -0.42  2.00  2.00  2.00 
GLY ALA 73
 1.40 -0.97 -1.14  2.00  2.00  2.00 
GLY SER 43
 1.97 -0.43 -1.33  0.58  2.00  2.00 
GLY CYS 24
 2.00 -0.81 -1.01  0.00  2.00  2.00 
GLY VAL 105
 1.25 -0.43 -1.33  0.92  2.00  2.00 
GLY THR 55
 1.12 -0.67 -1.28  2.00  2.00  2.00 
GLY ILE 89
 2.00 -0.48 -1.29  0.50  2.00  2.00 
GLY PRO 10
-0.18 -0.88 -0.88  2.00  2.00  2.00 
GLY MET 25
 0.73  0.73 -1.14 -0.52  1.43  2.00 
GLY ASP 34
 0.35  0.13 -0.57 -0.97  2.00  2.00 
GLY ASN 27
 1.50 -0.11 -0.98 -0.58  1.50  2.00 
GLY LEU 88
 0.74  0.05 -0.84 -0.81  2.00  2.00 
GLY LYS 29
 2.00  0.88 -0.62 -0.73 -0.50  2.00 
GLY GLU 27
 0.81 -0.11 -0.80 -0.29  0.12  2.00 
GLY GLN 26
 0.77 -0.14 -0.33 -0.73  0.08  2.00 
GLY ARG 29
 0.88  0.48 -0.50  0.88 -0.62 -0.03 
GLY HIS 25
-0.65  0.04  0.73 -0.65  0.33  2.00 
GLY PHE 58
-0.50  0.66 -0.30 -0.44  0.07  2.00 
GLY TYR 65
-1.05  1.28  0.19  0.30 -0.10  1.69 
GLY TRP 21
-0.36 -0.36  0.56 -0.13 -0.13  1.25 
ALA GLY 69
 0.65 -1.36 -0.45  2.00  2.00  2.00 
ALA ALA 73
 2.00 -1.03 -1.14  2.00  2.00  2.00 
ALA SER 62
 1.24 -0.61 -1.28  1.24  2.00  2.00 
ALA CYS 24
-0.41 -0.56 -0.69  0.29  2.00  2.00 
ALA VAL 143
 0.34 -1.11 -0.57  0.69  2.00  2.00 
ALA THR 72
 0.00 -0.85 -0.73  0.54  2.00  2.00 
ALA ILE 120
-0.30 -0.83 -0.59  0.60  2.00  2.00 
ALA PRO 16
 0.98 -0.63 -1.32  2.00  2.00  2.00 
ALA MET 27
 0.41 -0.44 -1.06  0.12  2.00  2.00 
ALA ASP 37
 1.82 -0.13 -0.89 -0.75  1.82  2.00 
ALA ASN 34
 0.13  0.13 -0.97 -0.34  1.73  2.00 
ALA LEU 124
-0.47 -0.30 -0.61 -0.11  2.00  2.00 
ALA LYS 43
 0.36  0.36 -0.33 -0.43 -0.52  2.00 
ALA GLU 38
 1.85 -0.35 -0.64 -0.72  0.75  2.00 
ALA GLN 23
-0.04  0.25 -0.60 -0.74  1.34  2.00 
ALA ARG 31
 0.54  2.00 -0.30 -0.92  0.03  0.54 
ALA HIS 26
-0.61  0.77 -0.84  0.37  0.37  2.00 
ALA PHE 64
-1.03  0.06  0.06  0.17  0.98  2.00 
ALA TYR 65
-0.75  1.28  0.44 -0.18 -0.51  2.00 
ALA TRP 24
 0.00  0.69 -0.22 -0.41 -0.41  1.39 
SER GLY 35
-0.03 -1.41  0.15  2.00  2.00  2.00 
SER ALA 40
 0.11 -0.74 -0.99  1.20  2.00  2.00 
SER SER 70
-0.03 -0.91 -0.72  0.85  2.00  2.00 
SER CYS 12
 0.69  0.69 -1.10 -0.69  2.00  2.00 
SER VAL 106
 0.04 -0.91 -0.56  0.23  2.00  2.00 
SER THR 59
 1.19 -0.66 -1.08  0.21  2.00  2.00 
SER ILE 70
 0.26 -0.80 -0.91  0.66  2.00  2.00 
SER PRO 18
 0.41 -0.51 -1.20  1.10  2.00  2.00 
SER MET 15
 0.92  0.22 -0.88 -0.47  0.22  2.00 
SER ASP 42
 1.95 -0.76 -0.76 -0.25  1.25  2.00 
SER ASN 31
-0.30 -0.44 -0.55 -0.30  2.00  2.00 
SER LEU 77
 0.47 -0.39 -0.88 -0.28  1.86  2.00 
SER LYS 38
-0.10  1.15 -0.72 -0.46  0.05  2.00 
SER GLU 51
-0.06 -0.42 -0.50 -0.34  1.04  2.00 
SER GLN 24
-0.69  0.29 -0.56 -0.22  2.00  1.39 
SER ARG 51
 0.19 -0.06 -0.34 -0.50  0.35  1.04 
SER HIS 16
-1.32  0.98  0.29  0.98  0.29  2.00 
SER PHE 33
-1.07  1.01  0.32 -0.24  0.61  1.70 
SER TYR 48
-0.81  0.29  0.13 -0.12  0.00  2.00 
SER TRP 17
-0.34 -0.34 -0.06 -0.34  0.35  2.00 
CYS GLY 19
 0.46 -0.93 -1.04  2.00  2.00  2.00 
CYS ALA 24
 0.29 -1.39 -0.22  2.00  2.00  2.00 
CYS SER 14
 2.00  0.15 -0.94 -0.94  2.00  2.00 
CYS CYS 10
-0.59 -0.18 -0.18 -0.59  2.00  2.00 
CYS VAL 47
 0.27 -1.12 -0.65  1.37  2.00  2.00 
CYS THR 24
 0.29 -0.41 -1.01  0.00  2.00  2.00 
CYS ILE 22
-0.65 -0.78  0.20 -0.09  2.00  2.00 
CYS PRO 2
 2.00  2.00 -1.79  2.00  2.00  2.00 
CYS MET 7
-0.94  0.15  0.15 -0.54  2.00  2.00 
CYS ASP 7
 0.15 -0.94  0.15 -0.54  2.00  2.00 
CYS ASN 6
 0.00  0.00 -1.10  0.00  2.00  2.00 
CYS LEU 30
 0.22 -0.47 -0.34 -0.47  0.51  2.00 
CYS LYS 8
 2.00  0.29  0.29 -0.81 -0.81  2.00 
CYS GLU 14
 2.00 -0.54  0.15 -0.94  0.85  0.85 
CYS GLN 13
 0.77  0.77 -0.33 -0.84 -0.33  2.00 
CYS ARG 9
-0.69  0.41 -0.29 -0.29  2.00  0.41 
CYS HIS 4
 2.00 -0.41 -0.41 -0.41  2.00 -0.41 
CYS PHE 18
-0.98 -0.29  2.00 -0.29  0.41  2.00 
CYS TYR 13
 2.00  0.77 -0.61 -0.61 -0.33  0.77 
CYS TRP 5
-0.18 -0.18 -0.88 -0.18  2.00  2.00 
VAL GLY 132
 0.15 -0.84 -0.97  1.70  2.00  2.00 
VAL ALA 195
 0.22 -1.14 -0.56  1.18  2.00  2.00 
VAL SER 125
 0.40 -0.72 -0.90  0.20  2.00  2.00 
VAL CYS 52
-0.24 -0.93 -0.41  0.37  2.00  2.00 
VAL VAL 313
 0.70 -1.37 -0.05  0.78  2.00  2.00 
VAL THR 142
 0.53 -1.27 -0.20  0.53  2.00  2.00 
VAL ILE 217
 0.26 -1.36  0.19  0.82  2.00  2.00 
VAL PRO 38
 0.24 -0.23 -1.33  1.85  2.00  2.00 
VAL MET 65
-0.71 -0.71 -0.02  0.30  1.69  2.00 
VAL ASP 84
 0.56 -0.25 -0.83 -0.36  0.85  2.00 
VAL ASN 65
 0.19 -0.10 -0.88 -0.18  0.77  2.00 
VAL LEU 243
-0.66 -0.82 -0.08  0.41  2.00  2.00 
VAL LYS 94
-0.19  0.96  0.27 -0.91  0.27  0.96 
VAL GLU 99
 0.41  0.32 -0.66 -0.72  0.61  2.00 
VAL GLN 63
 0.05 -0.29 -0.36 -0.64  1.25  2.00 
VAL ARG 80
-0.18  1.20  0.03 -0.30 -0.45  0.51 
VAL HIS 47
-0.43  0.27 -0.71 -0.34  2.00  2.00 
VAL PHE 154
-0.96 -0.37  0.41  0.30  1.05  1.64 
VAL TYR 88
-0.84  0.38  0.12 -0.20  0.20  2.00 
VAL TRP 35
-0.43 -0.63  0.15  1.07 -0.03  1.07 
THR GLY 42
 0.00 -0.89 -0.94  2.00  2.00  2.00 
THR ALA 64
 0.29 -0.89 -0.81  0.58  2.00  2.00 
THR SER 91
 0.52 -1.07 -0.78  1.11  2.00  2.00 
THR CYS 22
-0.09 -0.90 -0.31  0.20  1.30  2.00 
THR VAL 138
 0.30 -1.26 -0.23  0.74  2.00  2.00 
THR THR 119
 0.59 -1.07 -0.54  0.21  2.00  2.00 
THR ILE 101
 0.34 -1.07 -0.51  0.52  2.00  2.00 
THR PRO 30
 0.22 -0.79 -1.03  1.61  2.00  2.00 
THR MET 15
-0.47 -1.03  0.22  0.92  0.92  2.00 
THR ASP 44
 0.05 -0.49 -0.72  0.05  0.89  2.00 
THR ASN 46
-0.27 -0.36 -0.60 -0.16  1.34  2.00 
THR LEU 100
-0.59 -0.62 -0.23  0.11  1.71  2.00 
THR LYS 61
-0.32 -0.17 -0.57 -0.17  1.22  1.63 
THR GLU 71
-0.01 -0.47 -0.52 -0.01  0.68  1.78 
THR GLN 51
-0.42 -0.42 -0.16 -0.34  1.04  2.00 
THR ARG 57
-0.39  0.17  0.31 -0.39 -0.05  0.86 
THR HIS 27
-1.33  0.81  0.81  0.81  0.12  2.00 
THR PHE 60
-0.99 -0.10  0.22  0.00  1.20  2.00 
THR TYR 64
-1.16  0.06  0.76  0.58  0.42  1.67 
THR TRP 21
-1.15  0.15  1.25  0.15  0.56  1.25 
ILE GLY 105
 0.56 -0.83 -0.97  0.66  2.00  2.00 
ILE ALA 128
 0.42 -0.98 -0.58  0.17  2.00  2.00 
ILE SER 91
 0.42 -0.65 -0.81 -0.05  2.00  2.00 
ILE CYS 38
 0.24 -1.25 -0.35  1.15  2.00  2.00 
ILE VAL 222
 2.00 -1.26 -0.68  1.53  1.82  2.00 
ILE THR 100
 1.02 -1.08 -0.52  0.33  1.20  2.00 
ILE ILE 147
 0.25 -1.16 -0.17  0.43  1.59  2.00 
ILE PRO 34
-0.06 -0.21 -0.97 -0.06  2.00  2.00 
ILE MET 53
-0.22 -0.77 -0.12  0.10  0.57  2.00 
ILE ASP 72
 2.00 -0.08 -0.65 -0.77  0.29  2.00 
ILE ASN 60
 1.61  0.00 -0.74 -0.64  0.22  2.00 
ILE LEU 158
-0.16 -1.02 -0.03  0.23  1.48  2.00 
ILE LYS 51
 0.53 -0.06  0.35 -0.80  0.35  0.35 
ILE GLU 65
 1.00  0.08 -0.10 -0.95  0.08  2.00 
ILE GLN 51
 0.53 -0.26 -0.34 -0.42 -0.06  2.00 
ILE ARG 56
-0.16 -0.25 -0.07  0.85 -0.16  0.15 
ILE HIS 36
-0.41  1.10 -0.51 -0.41  0.00  2.00 
ILE PHE 102
-0.88 -0.46  0.44  0.13  1.04  2.00 
ILE TYR 77
-0.67  0.47 -0.01 -0.01  0.15  0.61 
ILE TRP 32
 0.06 -0.63 -0.27 -0.12  0.58  1.67 
PRO GLY 18
 2.00 -1.47  0.00  0.41  2.00  2.00 
PRO ALA 13
 2.00  0.08 -1.31 -0.33  2.00  2.00 
PRO SER 13
 2.00  2.00 -0.84 -1.02  0.08  2.00 
PRO CYS 4
 2.00  2.00 -1.79  2.00  2.00  2.00 
PRO VAL 28
 0.85 -0.07 -0.94 -0.66  2.00  2.00 
PRO THR 19
 2.00  0.46 -0.46 -1.15  0.46  2.00 
PRO ILE 18
 2.00 -0.69 -0.85 -0.29  1.10  2.00 
PRO PRO 7
 2.00 -0.54 -0.94 -0.54  2.00  2.00 
PRO MET 7
 0.15 -0.54 -0.54 -0.54  2.00  2.00 
PRO ASP 9
 2.00  0.41 -0.29 -1.20  0.41  2.00 
PRO ASN 10
 2.00  0.51 -0.59 -0.88 -0.18  2.00 
PRO LEU 24
 1.39  0.29 -0.56 -0.41 -0.56  2.00 
PRO LYS 9
 2.00  2.00  0.41 -1.20  2.00 -0.69 
PRO GLU 11
 2.00  0.61 -0.49 -0.49 -0.49  0.61 
PRO GLN 7
 2.00  2.00 -0.94 -1.23  2.00  2.00 
PRO ARG 13
 0.08  0.08  2.00 -0.61 -0.33  0.08 
PRO HIS 7
 2.00  0.15  2.00 -0.94 -0.94  2.00 
PRO PHE 11
-0.09 -1.00  0.61  0.61 -0.09  2.00 
PRO TYR 18
-1.10  2.00  1.10  0.41 -0.51  1.10 
PRO TRP 7
 2.00  0.15  2.00  0.15 -0.94 -0.54 
MET GLY 22
-0.09  0.61 -0.78 -0.78  2.00  2.00 
MET ALA 25
-0.88 -0.18 -0.65  1.43  1.43  2.00 
MET SER 21
-0.54 -0.54 -0.54  1.25  0.56  2.00 
MET CYS 8
-0.81  0.29 -0.41  0.29  2.00  0.29 
MET VAL 58
-0.73 -0.73 -0.03  0.88  0.88  2.00 
MET THR 21
-0.83 -0.83  0.56  0.15  2.00  2.00 
MET ILE 46
-0.96 -0.45  0.43 -0.04  2.00  2.00 
MET PRO 15
 2.00  0.22 -1.16 -0.47  0.92  2.00 
MET MET 12
 0.69 -1.10  0.69 -0.41  0.69  2.00 
MET ASP 17
 2.00 -0.90 -0.06 -0.34  0.35  1.04 
MET ASN 11
 2.00 -0.49 -0.09 -0.78 -0.09  2.00 
MET LEU 34
-0.66 -0.34  0.35 -0.06  0.13  2.00 
MET LYS 11
 2.00  0.61  0.61 -1.19  0.61 -0.09 
MET GLU 15
 0.22 -0.18 -0.18 -1.03  2.00  2.00 
MET GLN 12
-0.41 -0.41 -0.41  0.00  0.69  2.00 
MET ARG 10
-0.88  0.51  0.51 -0.18  0.51  0.51 
MET HIS 6
-0.69 -0.69  0.00  2.00  0.00  2.00 
MET PHE 36
-1.34  1.79 -0.15  0.69  1.10  2.00 
MET TYR 18
-1.10 -0.29  1.10  0.41  1.10  1.10 
MET TRP 9
-0.29 -0.29  2.00 -0.69  0.41  0.41 
ASP GLY 16
 0.29 -1.32 -0.41  2.00  2.00  2.00 
ASP ALA 17
 0.35 -0.57 -1.16  1.04  2.00  2.00 
ASP SER 25
-0.65  0.04 -0.18 -0.36  0.73  2.00 
ASP CYS 4
-1.10  2.00 -0.41 -0.41  2.00  2.00 
ASP VAL 52
 1.47 -0.41 -0.55 -0.33 -0.14  2.00 
ASP THR 24
 1.39  0.00 -0.92 -0.69  1.39  2.00 
ASP ILE 42
 1.25 -0.45 -0.76  0.00  0.00  2.00 
ASP PRO 5
 2.00  2.00 -1.57 -0.18  2.00  2.00 
ASP MET 4
 2.00  2.00 -1.10 -0.41 -0.41  2.00 
ASP ASP 11
-1.00 -0.49  2.00  0.61 -0.09  2.00 
ASP ASN 7
-0.94  0.15  2.00 -0.54  0.15  2.00 
ASP LEU 28
 0.85 -0.25 -0.07 -0.94  0.44  2.00 
ASP LYS 24
-0.92 -0.22  0.00 -0.22  2.00  2.00 
ASP GLU 35
-0.03 -0.32 -0.63 -0.03  0.38  2.00 
ASP GLN 14
 0.15  0.85 -0.54  0.15 -0.76  2.00 
ASP ARG 22
-0.90  0.61 -0.09  0.61 -0.31  2.00 
ASP HIS 8
-0.81  0.29  0.29 -0.41  2.00  0.29 
ASP PHE 21
-0.69 -0.36  0.56  1.25 -0.36  1.25 
ASP TYR 31
-1.07  0.26  0.95  0.26  0.95  0.26 
ASP TRP 12
-0.41 -0.41  0.00 -0.41  0.69  2.00 
ASN GLY 21
-0.13  0.56 -0.83 -0.69  2.00  2.00 
ASN ALA 25
-0.52 -0.65 -0.18 -0.18  2.00  2.00 
ASN SER 28
-0.25  0.15 -0.94 -0.07  1.54  2.00 
ASN CYS 6
 0.00  2.00  2.00 -1.39  0.00  2.00 
ASN VAL 60
 0.51 -0.41 -0.79 -0.26  0.92  2.00 
ASN THR 34
 1.73 -0.21 -0.46 -0.90  0.64  2.00 
ASN ILE 38
 0.24 -0.72  0.05 -0.23  0.05  2.00 
ASN PRO 13
-0.61  0.77 -1.02  0.77  0.77  2.00 
ASN MET 6
 2.00  0.00 -1.10  0.00  0.00  2.00 
ASN ASP 9
-0.29  0.41 -0.29 -0.98  2.00  2.00 
ASN ASN 22
-0.49 -0.09 -0.78  0.61  1.30  1.30 
ASN LEU 31
-0.15  0.26  0.03 -0.55 -0.30  2.00 
ASN LYS 23
-0.60  1.34 -0.45 -0.04  0.25  0.65 
ASN GLU 18
-0.29  0.00  1.10 -0.69  0.00  1.10 
ASN GLN 18
-0.85  1.10  0.00 -0.29  0.41  1.10 
ASN ARG 16
-0.63  2.00  0.29 -0.63  0.29  0.29 
ASN HIS 11
-0.49 -0.78  2.00 -0.09  0.61  0.61 
ASN PHE 25
-0.65  0.33 -0.18  0.33 -0.18  1.43 
ASN TYR 25
-1.28  0.33  0.73  1.43  0.73  0.73 
ASN TRP 8
-0.81 -0.81  0.29  2.00  2.00  0.29 
LEU GLY 100
-0.08 -0.32 -1.02  0.25  2.00  2.00 
LEU ALA 113
-0.11 -0.40 -0.96  0.37  2.00  2.00 
LEU SER 80
 0.51 -0.35 -0.78 -0.18  0.51  2.00 
LEU CYS 50
-0.28 -0.08 -0.71 -0.36  2.00  2.00 
LEU VAL 224
-0.71 -0.75 -0.33  0.91  2.00  2.00 
LEU THR 86
-0.70 -0.56  0.02  0.18  0.87  2.00 
LEU ILE 179
-0.89 -0.61  0.18  0.62  1.45  2.00 
LEU PRO 35
 0.15  0.15 -1.01 -0.32  1.76  2.00 
LEU MET 49
-1.16  0.71 -0.10  0.31  0.71  2.00 
LEU ASP 46
 2.00 -0.53 -0.74 -0.27  0.09  2.00 
LEU ASN 49
 0.71 -0.30 -0.10 -0.46 -0.10  1.00 
LEU LEU 192
-1.03  0.21 -0.22  0.29  1.27  2.00 
LEU LYS 70
-0.32  1.36 -0.03 -0.68  0.06  0.85 
LEU GLU 54
-0.29  0.00  0.41 -0.37  0.00  0.59 
LEU GLN 35
 0.66  1.76 -0.80 -0.43 -0.03  0.66 
LEU ARG 56
-0.25  0.15  0.85 -0.41  0.04  0.04 
LEU HIS 32
 0.06  0.29 -0.41 -0.27 -0.12  0.98 
LEU PHE 92
-1.01 -0.10  0.17  0.25  0.94  2.00 
LEU TYR 98
-0.46  0.23  0.40 -0.38 -0.04  0.85 
LEU TRP 36
-0.61 -0.29  0.18  0.69 -0.29  1.79 
LYS GLY 32
-0.27 -0.41 -0.12 -0.72  2.00  2.00 
LYS ALA 45
 0.63  0.22 -0.62 -0.69  0.22  2.00 
LYS SER 41
-0.38 -0.02 -0.56 -0.16  0.82  1.92 
LYS CYS 9
-0.29  2.00  0.41 -1.20  0.41  2.00 
LYS VAL 107
-0.78  0.11 -0.45  0.24  0.94  1.78 
LYS THR 83
-0.74 -0.08  0.55 -0.21  0.43  1.02 
LYS ILE 68
 0.13 -0.14 -0.21 -0.14 -0.21  1.04 
LYS PRO 21
 1.25  1.25 -0.13 -1.05 -0.36  2.00 
LYS MET 11
-0.78 -0.09  2.00 -0.49  2.00 -0.09 
LYS ASP 28
-0.54  0.15 -0.54  0.15  0.44  1.54 
LYS ASN 16
-0.81 -0.12  2.00 -0.12 -0.12  0.98 
LYS LEU 58
-0.68 -0.03 -0.03 -0.03  0.88  0.66 
LYS LYS 50
-0.28 -0.28  0.51 -0.08  0.17  0.17 
LYS GLU 59
-0.81 -0.35  0.68 -0.20  1.59  0.90 
LYS GLN 18
-0.29  1.10  0.00 -0.29 -0.69  2.00 
LYS ARG 27
 0.41 -0.11  0.12 -0.11  0.41 -0.44 
LYS HIS 25
-0.52  0.73 -0.18  0.33  0.33 -0.18 
LYS PHE 30
-0.34 -0.59  0.92  0.22  0.22  0.22 
LYS TYR 54
-1.13  0.12  0.59  0.81  0.25  1.50 
LYS TRP 18
-1.10  1.10  1.10  0.41 -0.29  1.10 
GLU GLY 26
-0.61  0.37 -0.84  0.08  1.47  2.00 
GLU ALA 42
 1.25 -0.54 -0.89  0.15  0.34  2.00 
GLU SER 43
 0.58 -0.60 -0.52 -0.43  0.87  2.00 
GLU CYS 12
-0.41 -0.69 -0.41  0.00  2.00  2.00 
GLU VAL 71
-0.52 -0.66 -0.30  0.07  2.00  2.00 
GLU THR 75
-0.11 -0.04 -0.77 -0.11  0.92  1.83 
GLU ILE 56
-0.41 -0.47 -0.33 -0.07  1.13  2.00 
GLU PRO 11
 2.00  0.61 -0.78 -1.19  2.00  2.00 
GLU MET 17
-0.75 -0.06 -0.06  0.35 -0.06  2.00 
GLU ASP 28
 0.15 -0.41 -0.66 -0.07  0.44  2.00 
GLU ASN 20
-0.99 -0.18 -0.18  0.51  1.20  2.00 
GLU LEU 49
-0.67  0.15 -0.38  0.15  0.49  1.41 
GLU LYS 48
-0.69 -0.12  0.00  0.29  0.47  0.69 
GLU GLU 40
 0.29 -0.59 -0.41 -0.18  0.51  1.90 
GLU GLN 22
-0.78  0.61 -0.31 -0.49  2.00  1.30 
GLU ARG 35
-1.13  0.15  0.38  1.07 -0.03  2.00 
GLU HIS 25
-1.35 -0.18  0.33  1.43  2.00  2.00 
GLU PHE 35
-1.01 -0.18 -0.03  0.66  1.07  1.76 
GLU TYR 31
-1.19  2.00  0.26  0.95  0.54  0.03 
GLU TRP 20
-0.74  0.51  0.11 -0.18  0.11  1.20 
GLN GLY 20
-0.88  1.20 -0.88  0.11  2.00  2.00 
GLN ALA 26
-0.33 -0.33  0.37 -0.93  2.00  2.00 
GLN SER 34
-0.21 -0.46 -0.46 -0.21  1.04  2.00 
GLN CYS 8
-1.10 -0.41  0.29  2.00  0.29  2.00 
GLN VAL 56
 0.04 -0.66 -0.54 -0.07  1.13  2.00 
GLN THR 32
 0.29 -0.63 -0.52 -0.41  1.67  2.00 
GLN ILE 31
 0.26 -0.55 -0.76  0.26  0.54  2.00 
GLN PRO 8
 2.00  0.29 -1.10 -0.41  0.29  2.00 
GLN MET 18
-0.85  0.00  0.00 -0.51  2.00  2.00 
GLN ASP 16
-0.63  0.98 -0.12 -0.81  2.00  0.98 
GLN ASN 12
 2.00 -0.41 -0.69  0.69 -0.69  2.00 
GLN LEU 40
-0.67  0.11 -0.05 -0.18  0.29  1.90 
GLN LYS 21
-0.13  0.56  0.56 -0.36 -0.13 -0.13 
GLN GLU 28
-0.76 -0.41  0.44  0.15  0.15  2.00 
GLN GLN 18
-0.69  0.00 -0.85  1.10  1.10  2.00 
GLN ARG 23
-0.27 -0.27 -0.04  1.34 -0.60  1.34 
GLN HIS 18
-0.98 -0.29  0.41  2.00  0.41  0.41 
GLN PHE 31
-1.13  0.54  0.54  0.26  0.26  1.64 
GLN TYR 25
-0.97  2.00  0.04 -0.18  0.73  0.33 
GLN TRP 12
-0.92  0.00  0.00 -0.41  2.00  2.00 
ARG GLY 38
-0.23  0.24 -0.23 -0.64  0.46  1.85 
ARG ALA 38
 0.05  1.15 -0.23 -0.23 -0.79  2.00 
ARG SER 26
 1.47 -0.48 -0.61 -0.48  0.77  1.47 
ARG CYS 13
 0.08  0.08  0.77 -0.61  0.08  0.08 
ARG VAL 93
-0.55 -0.25 -0.03 -0.09  0.54  1.35 
ARG THR 46
-0.27 -0.36  0.43 -0.16  0.25  0.43 
ARG ILE 76
-0.51 -0.03  0.24 -0.35  0.24  1.15 
ARG PRO 19
-0.23  2.00 -0.64 -0.46 -0.23  2.00 
ARG MET 16
-0.12 -0.81  0.98 -0.63  2.00  0.98 
ARG ASP 31
-1.13  0.54  0.26  0.54  0.26  1.64 
ARG ASN 21
-0.13 -0.54 -0.36 -0.13  1.25  1.25 
ARG LEU 73
-0.39  0.71 -0.21  0.01  0.30 -0.07 
ARG LYS 31
-0.15  0.26  0.03  0.26 -0.55  0.54 
ARG GLU 34
-1.31  0.64  1.04  0.64  0.64  1.04 
ARG GLN 22
-0.49 -0.09  0.61 -0.09  0.61 -0.09 
ARG ARG 39
-0.53  1.18 -0.33  0.77 -0.21  0.08 
ARG HIS 19
-0.23  0.46 -0.79  1.15  0.46  0.05 
ARG PHE 45
-0.76 -0.55  1.32  1.32  0.41  0.07 
ARG TYR 47
-0.58 -0.71  0.11  1.37  1.37  0.27 
ARG TRP 9
-0.29 -0.29 -0.29  0.41  2.00 -0.29 
HIS GLY 18
-0.51 -0.51  0.41 -0.29  0.41  2.00 
HIS ALA 24
-0.69  1.39 -0.22 -0.56  0.29  2.00 
HIS SER 27
-1.13  0.41 -0.11  0.81  0.41  2.00 
HIS CYS 7
 0.15  0.15 -0.54  0.15  0.15  0.15 
HIS VAL 43
 0.02 -0.43 -0.52  0.02  0.58  1.28 
HIS THR 21
 1.25  0.15 -0.54 -0.54 -0.36  2.00 
HIS ILE 30
-0.34 -0.59 -0.18  0.22  0.51  1.61 
HIS PRO 4
-0.41  2.00 -1.10  2.00 -0.41  2.00 
HIS MET 15
-0.88 -0.18  0.92 -0.47  0.92  2.00 
HIS ASP 13
-0.84 -0.61  2.00  2.00 -0.61  2.00 
HIS ASN 14
-0.76 -0.76  2.00  0.15  0.85  0.85 
HIS LEU 40
 0.51 -0.81 -0.18  0.29  0.11  1.20 
HIS LYS 20
 0.11 -0.41  0.11  1.20 -0.59  0.51 
HIS GLU 17
-0.90 -0.34  1.04  1.04 -0.06  1.04 
HIS GLN 10
-0.59  0.51 -0.18  0.51  0.51 -0.18 
HIS ARG 16
 0.29 -0.63  0.98 -0.63  0.29  0.98 
HIS HIS 15
-1.16  0.92 -0.69  2.00  0.92  2.00 
HIS PHE 17
 1.04 -1.16  0.35  2.00 -0.06  0.35 
HIS TYR 32
-1.10 -0.41  1.67  0.06  2.00  0.98 
HIS TRP 8
 0.29 -0.81 -0.41  0.29  2.00  0.29 
PHE GLY 55
-0.09  0.02  0.27 -0.92  0.42  2.00 
PHE ALA 62
-0.66  0.26  0.39 -0.55  0.14  2.00 
PHE SER 56
-0.25  0.15  0.29 -0.47 -0.16  1.13 
PHE CYS 25
-0.36  0.33  0.33 -0.65 -0.18  2.00 
PHE VAL 129
-0.11 -0.78 -0.26  0.18  0.77  2.00 
PHE THR 55
-0.09 -0.27  0.42 -0.67  0.02  2.00 
PHE ILE 103
-0.20 -0.79 -0.15  0.65  0.54  1.23 
PHE PRO 23
 0.25  2.00 -0.27 -0.60 -0.74  2.00 
PHE MET 24
-0.22  0.29 -0.22 -0.22  0.00  0.69 
PHE ASP 30
-0.34 -0.18  1.61  0.00  0.51 -0.47 
PHE ASN 30
-0.59  0.51  1.61  0.00 -0.47  0.22 
PHE LEU 104
-0.19 -0.67 -0.09  0.55 -0.09  2.00 
PHE LYS 39
 1.87  1.18  0.77 -0.21 -0.77 -0.53 
PHE GLU 46
 0.09 -0.74  0.94  0.25 -0.16  0.43 
PHE GLN 19
-0.79  0.05 -0.23  2.00 -0.23  1.15 
PHE ARG 33
 1.01  1.01 -0.24  0.61 -0.09 -0.86 
PHE HIS 14
 0.85 -0.76 -0.25  0.85  2.00 -0.54 
PHE PHE 79
-0.06 -1.03  0.01  1.19  0.63  1.19 
PHE TYR 55
-0.18 -0.73  0.61  1.12  0.42 -0.18 
PHE TRP 28
 2.00 -0.54 -0.54 -0.54  0.44  1.54 
TYR GLY 54
-0.85  0.81  0.41  0.00 -0.44  2.00 
TYR ALA 55
-1.08  1.12  1.12 -0.27 -0.09  2.00 
TYR SER 57
-0.46  0.46  0.17 -0.15 -0.15  0.46 
TYR CYS 30
-0.18  0.92  0.00  0.51 -0.96  1.61 
TYR VAL 109
 0.60  0.19 -0.43 -0.24 -0.36  0.95 
TYR THR 48
 0.29 -0.32  0.13 -0.12 -0.49  1.39 
TYR ILE 84
 0.34  0.00 -0.41 -0.45  0.15  1.03 
TYR PRO 13
-1.02  2.00  2.00 -0.33 -0.33  0.77 
TYR MET 22
 0.20 -0.09  0.61 -0.49 -0.49  1.30 
TYR ASP 32
-0.52  0.29  0.98  0.29 -0.52  0.29 
TYR ASN 30
-0.47  0.22  1.61 -0.34  0.51 -0.34 
TYR LEU 87
-0.03  0.19 -0.42 -0.27  0.28  0.59 
TYR LYS 38
-0.23 -0.35  1.15  0.24 -0.10 -0.10 
TYR GLU 39
-1.02  0.26  1.87  0.26  0.77 -0.07 
TYR GLN 24
-0.41  1.39  0.29  0.00 -0.56  0.29 
TYR ARG 40
-0.05  0.29  0.80  0.29 -0.18 -0.59 
TYR HIS 25
-0.18 -0.52 -0.18  1.43  0.73 -0.18 
TYR PHE 68
-0.06 -0.71 -0.34  1.33  0.48  0.48 
TYR TYR 35
 0.66 -0.63 -0.43  1.76  0.38 -0.18 
TYR TRP 18
 0.00 -0.51  1.10  1.10  0.00 -0.51 
TRP GLY 17
-0.75  2.00 -0.34 -0.34 -0.06  2.00 
TRP ALA 30
 0.00 -0.59  0.51 -0.59  0.51  1.61 
TRP SER 16
-0.12  0.29 -0.41 -0.12 -0.41  2.00 
TRP CYS 5
 2.00  2.00 -0.88 -0.18 -0.18 -0.18 
TRP VAL 35
 1.76 -0.54 -0.63 -0.18 -0.03  2.00 
TRP THR 20
 0.51 -0.18 -0.18  0.11 -0.59  1.20 
TRP ILE 25
 0.73 -0.52 -0.65 -0.18  0.73  1.43 
TRP PRO 8
-0.41  0.29  2.00  2.00 -1.32  2.00 
TRP MET 5
 2.00 -0.88 -0.88  2.00  2.00 -0.18 
TRP ASP 14
-0.94  2.00  0.85  0.15 -0.54  0.85 
TRP ASN 11
 0.61  0.61  0.61 -0.49 -0.49 -0.09 
TRP LEU 25
 0.33 -0.52 -0.18  0.33 -0.18  0.73 
TRP LYS 19
 1.15  0.05  0.05  0.46 -0.23 -0.64 
TRP GLU 15
-0.47  0.92  0.92  0.92 -0.88  0.22 
TRP GLN 6
-0.69  0.00  2.00  0.00  2.00 -0.69 
TRP ARG 15
 0.92  0.22 -0.18  0.22 -0.18 -0.47 
TRP HIS 10
-0.59 -0.18  0.51  0.51  0.51 -0.18 
TRP PHE 15
 0.22 -0.18 -0.47  0.92  0.22 -0.18 
TRP TYR 18
 0.41 -0.51  1.10  0.41  0.41 -0.69 
TRP TRP 4
-1.50  2.00  2.00 -0.41  2.00  2.00 
##### ri,i+3 (A1,A4) #####
GLY GLY 107
-0.35 -1.43  2.00  2.00  2.00  1.21 -0.54  1.21 
GLY ALA 108
-0.17 -1.25  0.99  2.00  2.00  0.99 -0.80  0.99 
GLY SER 89
-0.36 -1.12  1.02  2.00  2.00  2.00 -0.99  1.02 
GLY CYS 31
-0.72 -1.21  0.66  2.00  2.00  2.00 -0.59  1.35 
GLY VAL 171
-0.27 -1.29  1.68  2.00  2.00  1.27 -0.77  0.86 
GLY THR 126
-0.24 -1.43  2.00  2.00  2.00  2.00 -0.71  1.37 
GLY ILE 131
-0.25 -1.10  1.41  2.00  2.00  1.00 -0.89  0.40 
GLY PRO 36
 0.12 -1.67  2.00  2.00  2.00  0.81  0.12  0.81 
GLY MET 41
-0.56 -1.07  0.94  2.00  2.00  0.94 -0.85  1.63 
GLY ASP 66
-0.53 -1.42  2.00  2.00  2.00  0.72 -0.29  1.42 
GLY ASN 57
 0.17 -1.47  0.86  2.00  2.00  1.27 -0.52  0.86 
GLY LEU 140
-0.27 -1.30  2.00  2.00  2.00  1.25 -0.72  0.56 
GLY LYS 77
-0.04 -0.99  1.17  2.00  2.00  1.17 -1.03  0.18 
GLY GLU 71
 0.24 -1.28  1.49  2.00  2.00  0.57 -0.81  0.57 
GLY GLN 49
-0.27 -1.52  1.12  2.00  2.00  1.81 -0.38  1.81 
GLY ARG 63
-0.24 -1.37  0.97  2.00  2.00  0.45 -0.33  0.97 
GLY HIS 32
-0.81 -0.92  1.39  2.00  2.00  1.39 -0.92  1.39 
GLY PHE 84
-0.29 -1.34  1.25  2.00  2.00  1.25 -0.54  0.56 
GLY TYR 92
 0.25 -1.30  1.75  2.00  2.00  1.75 -0.99  0.65 
GLY TRP 20
 0.22 -1.57  0.92  2.00  2.00  0.92 -0.18  0.92 
ALA GLY 111
-0.20 -1.63  1.24  2.00  2.00  1.53  0.07  1.53 
ALA ALA 108
-0.66 -1.62  1.91  2.00  2.00  0.99  0.81  2.00 
ALA SER 87
-0.56 -1.71  2.00  2.00  2.00  2.00  0.78  1.69 
ALA CYS 25
-0.47 -1.69  2.00  2.00  2.00  2.00  1.14  0.45 
ALA VAL 189
-0.60 -1.58  1.37  2.00  2.00  1.08  0.60  1.78 
ALA THR 89
-0.42 -1.69  1.72  2.00  2.00  1.31  0.80  1.72 
ALA ILE 115
-0.89 -1.49  1.28  2.00  2.00  1.06  0.87  2.00 
ALA PRO 37
-0.26 -1.73  2.00  2.00  2.00  0.15  1.53  2.00 
ALA MET 32
-0.81 -1.70  2.00  2.00  2.00  1.39  2.00  2.00 
ALA ASP 77
-0.63 -1.63  2.00  2.00  2.00  1.17  0.65  2.00 
ALA ASN 55
-0.56 -1.68  1.93  2.00  2.00  0.83  1.23  2.00 
ALA LEU 111
-0.63 -1.53  1.94  2.00  2.00  1.24  0.15  1.53 
ALA LYS 57
-0.34 -1.65  1.27  2.00  2.00  1.27  0.35  1.96 
ALA GLU 50
-0.47 -1.57  1.14  2.00  2.00  0.45  1.83  0.73 
ALA GLN 33
-0.78 -1.53  2.00  2.00  2.00  0.72  0.72  1.42 
ALA ARG 70
-0.32 -1.72  2.00  2.00  2.00  0.56  1.48  1.48 
ALA HIS 40
-0.59 -1.65  2.00  2.00  2.00  2.00  0.00  2.00 
ALA PHE 61
-0.61 -1.63  2.00  2.00  2.00  1.34  0.93  1.34 
ALA TYR 52
-0.61 -1.53  1.87  2.00  2.00  1.18  0.08  1.87 
ALA TRP 25
-0.81 -1.43  2.00  2.00  2.00  2.00 -0.25  1.14 
SER GLY 63
-0.83 -1.60  2.00  2.00  2.00  0.97  0.97  2.00 
SER ALA 96
-0.41 -1.52  2.00  2.00  2.00  1.39 -0.15  0.88 
SER SER 68
-0.42 -1.44  1.04  2.00  2.00  0.35 -0.06  2.00 
SER CYS 29
-0.10 -1.42  2.00  2.00  2.00  0.59 -0.79  2.00 
SER VAL 146
-0.68 -1.45  2.00  2.00  2.00  0.82  0.07  1.11 
SER THR 90
-0.62 -1.41  2.00  2.00  2.00  0.47 -0.06  1.03 
SER ILE 97
-0.68 -1.44  1.80  2.00  2.00  0.55  0.30  1.11 
SER PRO 26
-0.21 -1.87  2.00  2.00  2.00  1.18  2.00  2.00 
SER MET 15
-0.76 -1.45  2.00  2.00  2.00  0.63  2.00 -0.06 
SER ASP 43
-1.03 -1.36  2.00  2.00  2.00  0.99  0.99  0.58 
SER ASN 33
-0.53 -1.53  2.00  2.00  2.00  0.32  0.32  1.42 
SER LEU 109
-0.79 -1.43  1.92  2.00  2.00  1.00  0.13  1.51 
SER LYS 45
-0.06 -1.60  1.73  2.00  2.00  0.34  0.34  1.03 
SER GLU 46
-0.20 -1.72  2.00  2.00  2.00  1.06  0.65  1.06 
SER GLN 29
-0.50 -1.60  2.00  2.00  2.00  1.29 -0.10  2.00 
SER ARG 43
-0.52 -1.45  2.00  2.00  2.00  0.30  0.07  0.99 
SER HIS 17
-1.19 -1.04  2.00  2.00  2.00  0.75 -0.34  2.00 
SER PHE 67
-0.71 -1.37  2.00  2.00  2.00  1.03  0.18  0.18 
SER TYR 75
-0.06 -1.48  2.00  2.00  2.00  1.54 -0.53  0.63 
SER TRP 24
-0.69 -1.20  2.00  2.00  2.00  1.10 -0.69  1.10 
CYS GLY 19
-0.52 -1.70  2.00  2.00  2.00  0.86  2.00  0.86 
CYS ALA 30
-0.88 -1.67  2.00  2.00  2.00  2.00  1.32  2.00 
CYS SER 34
-0.86 -1.69  2.00  2.00  2.00  2.00  1.45  2.00 
CYS CYS 11
-0.37 -1.88  2.00  2.00  2.00  2.00  2.00  2.00 
CYS VAL 32
 0.00 -1.83  2.00  2.00  2.00  2.00  0.29  2.00 
CYS THR 22
-0.37 -1.82  2.00  2.00  2.00  2.00  2.00  1.01 
CYS ILE 30
-0.29 -1.57  2.00  2.00  2.00  0.63 -0.06  1.32 
CYS PRO 10
 0.22 -1.86  0.22  2.00  2.00  2.00  2.00  2.00 
CYS MET 12
-1.20 -1.54  2.00  2.00  2.00  2.00  2.00  2.00 
CYS ASP 18
-0.29 -1.59  2.00  2.00  2.00  2.00 -0.58  2.00 
CYS ASN 11
-1.07 -1.47  2.00  2.00  2.00  2.00  0.32  2.00 
CYS LEU 26
-0.43 -1.65  2.00  2.00  2.00  1.18  0.49  1.18 
CYS LYS 19
-0.52 -1.62  2.00  2.00  2.00  2.00 -0.23  2.00 
CYS GLU 17
 0.06 -1.73  2.00  2.00  2.00  0.75  0.06  2.00 
CYS GLN 13
-0.61 -1.71  2.00  2.00  2.00  2.00  0.49  2.00 
CYS ARG 14
-0.54 -1.52  2.00  2.00  2.00  2.00  0.56 -0.13 
CYS HIS 4
 2.00 -2.08  2.00  2.00  2.00  2.00  2.00  2.00 
CYS PHE 19
-0.23 -1.62  2.00  2.00  2.00  0.17  0.17  2.00 
CYS TYR 15
-1.16 -1.32  2.00  2.00  2.00  2.00 -0.06  2.00 
CYS TRP 8
 0.00 -1.79  2.00  2.00  2.00  2.00  0.00  2.00 
VAL GLY 221
-0.26 -1.75  1.71  2.00  2.00  1.12  1.53  1.53 
VAL ALA 170
-0.70 -1.67  2.00  2.00  2.00  2.00  0.75  2.00 
VAL SER 173
-0.42 -1.75  2.00  2.00  2.00  1.46  1.28  1.98 
VAL CYS 60
-0.55 -1.67  2.00  2.00  2.00  2.00  0.41  1.32 
VAL VAL 242
-0.44 -1.70  2.00  2.00  2.00  2.00  0.64  1.21 
VAL THR 161
-0.37 -1.70  2.00  2.00  2.00  1.39  0.60  1.62 
VAL ILE 187
-0.46 -1.68  1.54  2.00  2.00  1.77  0.85  1.54 
VAL PRO 73
 0.60 -1.81  2.00  2.00  2.00  2.00 -0.09  1.52 
VAL MET 55
-0.71 -1.57  2.00  2.00  2.00  2.00  0.14  1.23 
VAL ASP 143
 0.05 -1.76  1.78  2.00  2.00  1.27  0.49  1.78 
VAL ASN 113
-0.44 -1.73  2.00  2.00  2.00  1.26  1.55  1.26 
VAL LEU 193
-0.71 -1.57  2.00  2.00  2.00  1.57  0.70  0.99 
VAL LYS 134
-0.32 -1.69  2.00  2.00  2.00  0.52  0.87  2.00 
VAL GLU 128
-0.49 -1.70  2.00  2.00  2.00  0.98  1.39  1.39 
VAL GLN 74
-0.41 -1.76  2.00  2.00  2.00  2.00  1.13  1.53 
VAL ARG 82
-0.67 -1.62  2.00  2.00  2.00  0.94  0.94  2.00 
VAL HIS 76
-0.23 -1.79  2.00  2.00  2.00  1.15  1.56  2.00 
VAL PHE 122
-0.45 -1.68  1.34  2.00  2.00  2.00  0.42  2.00 
VAL TYR 116
-0.46 -1.64  1.58  2.00  2.00  1.29  0.48  1.98 
VAL TRP 39
 0.20 -1.85  2.00  2.00  2.00  2.00  0.89  0.89 
THR GLY 85
-0.34 -1.80  2.00  2.00  2.00  1.67  1.26  2.00 
THR ALA 96
-0.41 -1.66  1.79  2.00  2.00  0.69  0.69  2.00 
THR SER 87
-0.25 -1.55  2.00  2.00  2.00  0.44 -0.10  1.29 
THR CYS 33
 0.03 -1.53  1.42  2.00  2.00  0.03  0.03  1.42 
THR VAL 189
-0.62 -1.60  2.00  2.00  2.00  0.97  0.68  1.55 
THR THR 105
-0.20 -1.64  2.00  2.00  2.00  0.38  0.38  1.88 
THR ILE 116
-0.42 -1.68  2.00  2.00  2.00  0.88  1.06  1.29 
THR PRO 35
-0.13 -1.78  1.48  2.00  2.00  1.48  0.78  2.00 
THR MET 45
-0.47 -1.67  2.00  2.00  2.00  0.63  1.73  1.03 
THR ASP 71
-0.59 -1.55  2.00  2.00  2.00  0.57  0.10  2.00 
THR ASN 52
 0.08 -1.74  2.00  2.00  2.00  0.49  0.49  1.87 
THR LEU 159
-0.57 -1.56  2.00  2.00  2.00  0.42  0.69  1.38 
THR LYS 61
-0.17 -1.78  2.00  2.00  2.00  1.34  0.93  1.34 
THR GLU 65
 0.71 -1.76  1.00  2.00  2.00  0.71  0.15  2.00 
THR GLN 37
-0.41 -1.56  2.00  2.00  2.00 -0.08  0.84  1.53 
THR ARG 59
-0.49 -1.56  0.61  2.00  2.00  2.00  0.21  2.00 
THR HIS 42
-0.13 -1.48  1.66  2.00  2.00 -0.42  0.27  2.00 
THR PHE 87
-0.61 -1.60  2.00  2.00  2.00  1.00  0.78  1.00 
THR TYR 74
-0.41 -1.58  2.00  2.00  2.00  0.62  0.28  1.53 
THR TRP 27
-0.17 -1.62  1.22  2.00  2.00  0.52  0.12  2.00 
ILE GLY 135
-0.12 -1.70  1.73  2.00  2.00  1.44  0.43  1.03 
ILE ALA 114
-0.64 -1.62  1.56  2.00  2.00  2.00  0.86  1.05 
ILE SER 108
-0.39 -1.69  0.66  2.00  2.00  1.91  1.50  1.50 
ILE CYS 36
-0.44 -1.67  1.50  2.00  2.00  2.00  0.41  1.50 
ILE VAL 183
-0.24 -1.66  1.18  2.00  2.00  1.34  0.65  0.93 
ILE THR 137
-0.69 -1.66  2.00  2.00  2.00  2.00  1.23  1.45 
ILE ILE 120
-0.69 -1.54  1.61  2.00  2.00  2.00  0.41  1.10 
ILE PRO 62
 0.44 -1.90  2.00  2.00  2.00  2.00  0.95  2.00 
ILE MET 43
-0.52 -1.69  2.00  2.00  2.00  2.00  0.07  2.00 
ILE ASP 117
-0.50 -1.70  1.30  2.00  2.00  2.00  0.89  1.99 
ILE ASN 101
-0.17 -1.75  1.84  2.00  2.00  1.44  0.46  2.00 
ILE LEU 146
-0.19 -1.74  2.00  2.00  2.00  2.00  0.42  1.29 
ILE LYS 84
 0.15 -1.87  1.25  2.00  2.00  1.25  2.00  2.00 
ILE GLU 96
-0.35 -1.66  2.00  2.00  2.00  1.10  1.39  0.41 
ILE GLN 52
-0.21 -1.74  2.00  2.00  2.00  1.87  0.49  1.18 
ILE ARG 69
-0.33 -1.67  0.77  2.00  2.00  1.46  1.06  1.46 
ILE HIS 50
 0.45 -1.91  1.83  2.00  2.00  1.83  1.14  2.00 
ILE PHE 66
-1.03 -1.50  1.42  2.00  2.00  2.00  1.01  2.00 
ILE TYR 74
-0.08 -1.78  2.00  2.00  2.00  2.00  0.28  2.00 
ILE TRP 25
 0.04 -1.63  0.45  2.00  2.00  1.14  0.04  2.00 
PRO GLY 38
-0.52 -1.49  2.00  2.00  2.00  0.17  0.17  1.56 
PRO ALA 37
 0.43 -1.60  1.53  2.00  2.00  0.84  0.15  0.15 
PRO SER 40
 0.00 -1.61  2.00  2.00  2.00 -0.18  0.22  2.00 
PRO CYS 13
-0.21 -1.59  2.00  2.00  2.00  0.49 -0.21  2.00 
PRO VAL 84
 0.05 -1.74  1.66  2.00  2.00  1.25  0.74  0.97 
PRO THR 48
-0.41 -1.64  1.79  2.00  2.00  0.69  0.69  1.79 
PRO ILE 74
-0.34 -1.58  1.53  2.00  2.00  0.84  0.15  1.53 
PRO PRO 16
 0.69 -1.70  2.00  2.00  2.00 -0.41  0.69  2.00 
PRO MET 19
-0.52 -1.33  0.86  2.00  2.00  0.17  0.86  0.17 
PRO ASP 26
-0.21 -1.46 -0.21  2.00  2.00  1.18  1.18  0.49 
PRO ASN 22
 0.32 -1.55  2.00  2.00  2.00  1.01 -0.37  0.32 
PRO LEU 91
-0.28 -1.56  2.00  2.00  2.00  0.82 -0.28  2.00 
PRO LYS 16
-0.41 -1.70  2.00  2.00  2.00  2.00  0.00  2.00 
PRO GLU 25
 1.14 -1.81  2.00  2.00  2.00  0.45  0.04  2.00 
PRO GLN 12
-0.29 -1.54  2.00  2.00  2.00 -0.29  0.41  2.00 
PRO ARG 21
 0.27 -1.81  2.00  2.00  2.00  0.97  0.27  2.00 
PRO HIS 14
 0.56 -1.64  2.00  2.00  2.00  0.56 -0.54  2.00 
PRO PHE 53
-0.06 -1.51  0.28  2.00  2.00  1.20 -0.06  1.20 
PRO TYR 44
 0.61 -1.47  1.01  2.00  2.00  2.00 -0.49 -0.09 
PRO TRP 16
 2.00 -1.61  2.00  2.00  2.00  0.69 -0.69  0.69 
MET GLY 43
 0.30 -1.84  2.00  2.00  2.00  2.00  0.99  0.58 
MET ALA 35
-0.32 -1.57  2.00  2.00  2.00  1.48  0.09  0.38 
MET SER 26
 0.49 -1.87  2.00  2.00  2.00  0.49  1.18  2.00 
MET CYS 10
-1.16 -0.88  2.00  2.00  2.00  0.22 -0.47  2.00 
MET VAL 56
-0.54 -1.64  1.95  2.00  2.00  0.85  0.85  1.95 
MET THR 39
-0.36 -1.78  2.00  2.00  2.00  1.58  0.89  2.00 
MET ILE 31
-1.04 -1.54  1.35  2.00  2.00  2.00  1.35  2.00 
MET PRO 12
 0.41 -1.67  2.00  2.00  2.00  2.00  0.41 -0.29 
MET MET 5
 2.00 -1.57  2.00  2.00  2.00  2.00 -0.47 -0.47 
MET ASP 18
 0.81 -1.96  2.00  2.00  2.00  2.00  2.00  0.81 
MET ASN 20
 0.22 -1.86  2.00  2.00  2.00  2.00  0.22  2.00 
MET LEU 44
-0.86 -1.43  2.00  2.00  2.00  1.70  1.01  0.10 
MET LYS 25
-0.47 -1.26  2.00  2.00  2.00  0.04 -0.47  1.14 
MET GLU 21
 0.97 -2.03  2.00  2.00  2.00  2.00  2.00  2.00 
MET GLN 10
-0.47 -1.57  0.22  2.00  2.00  0.22  2.00  2.00 
MET ARG 25
 1.14 -1.81  0.45  2.00  2.00  1.14  1.14  1.14 
MET HIS 12
 0.41 -1.54  0.41  2.00  2.00 -0.29  0.41  2.00 
MET PHE 16
-0.41 -1.79  2.00  2.00  2.00  2.00  0.69  2.00 
MET TYR 22
-0.78 -1.55  1.01  2.00  2.00  1.01  1.01  2.00 
MET TRP 14
-0.83 -1.52  2.00  2.00  2.00  2.00 -0.13  2.00 
ASP GLY 47
 0.67 -1.32  0.38  2.00  2.00 -0.43 -0.31  1.77 
ASP ALA 45
 0.63 -1.49  1.73  2.00  2.00 -0.47  0.12  1.03 
ASP SER 34
-0.16 -1.19  1.45  2.00  2.00 -0.50 -0.34  1.45 
ASP CYS 14
 2.00 -1.39  0.56  2.00  2.00 -0.54 -0.13  0.56 
ASP VAL 121
 0.41 -1.47  1.33  2.00  2.00 -0.17 -0.33  2.00 
ASP THR 56
 0.34 -1.55  1.25  2.00  2.00 -0.13  0.00  1.95 
ASP ILE 99
 0.44 -1.17  0.91  2.00  2.00 -0.82 -0.32  2.00 
ASP PRO 17
 0.06 -1.64  2.00  2.00  2.00  0.75 -0.34  2.00 
ASP MET 29
-0.10 -1.01  0.19  2.00  2.00 -0.66 -0.32  2.00 
ASP ASP 33
-0.19 -1.47  1.42  2.00  2.00  0.03 -0.19  2.00 
ASP ASN 21
 0.27 -1.34  2.00  2.00  2.00  0.27 -0.83  0.97 
ASP LEU 102
-0.02 -1.19  1.85  2.00  2.00 -0.59 -0.16  0.60 
ASP LYS 20
 2.00 -1.57  2.00  2.00  2.00 -0.69 -0.18  2.00 
ASP GLU 46
 0.14 -1.58  0.65  2.00  2.00  0.65 -0.04  1.75 
ASP GLN 14
-0.13 -1.39  0.56  2.00  2.00  2.00 -0.83  2.00 
ASP ARG 18
 0.81 -1.27  0.12  2.00  2.00 -0.29 -0.58  2.00 
ASP HIS 8
 0.00 -1.79  2.00  2.00  2.00  0.00  2.00  2.00 
ASP PHE 62
 0.95 -1.17  2.00  2.00  2.00 -0.90 -0.44  1.35 
ASP TYR 46
 1.06 -1.25  1.75  2.00  2.00 -0.74 -0.55  1.75 
ASP TRP 20
 2.00 -1.65  2.00  2.00  2.00 -0.69  0.22  2.00 
ASN GLY 38
 0.86 -1.53  2.00  2.00  2.00  2.00 -0.93  0.86 
ASN ALA 56
 0.15 -1.31  2.00  2.00  2.00  0.56 -0.89  0.85 
ASN SER 39
-0.21 -1.36  1.58  2.00  2.00  0.49 -0.50  0.89 
ASN CYS 10
-0.88  0.22  2.00  2.00  2.00 -0.47 -1.16  2.00 
ASN VAL 120
 0.00 -1.30  2.00  2.00  2.00  0.51 -0.79  0.76 
ASN THR 50
 1.14 -1.39  2.00  2.00  2.00 -0.11 -0.81  1.14 
ASN ILE 71
-0.21 -1.51  2.00  2.00  2.00  1.08 -0.30  0.80 
ASN PRO 11
 2.00 -1.47  2.00  2.00  2.00  2.00 -1.29  2.00 
ASN MET 19
 0.17 -1.21  2.00  2.00  2.00 -0.23 -0.93  2.00 
ASN ASP 24
 0.00 -1.67  2.00  2.00  2.00  1.10 -0.29  2.00 
ASN ASN 26
-0.21 -1.31  2.00  2.00  2.00  0.08 -0.43  0.49 
ASN LEU 92
-0.04 -1.22  1.75  2.00  2.00  1.06 -1.05  1.75 
ASN LYS 17
 0.75 -0.34  2.00  2.00  2.00 -0.34 -1.19 -0.34 
ASN GLU 24
-0.51 -1.39  2.00  2.00  2.00  0.41 -0.51  2.00 
ASN GLN 24
 0.41 -1.30  1.10  2.00  2.00  0.41 -0.98  2.00 
ASN ARG 28
 0.15 -1.15  1.25  2.00  2.00  0.15 -0.83  0.56 
ASN HIS 10
-0.88 -0.88  0.22  2.00  2.00  0.22  2.00 -0.47 
ASN PHE 60
 0.22 -1.35  2.00  2.00  2.00  0.41 -0.76  0.63 
ASN TYR 36
-0.29 -1.59  2.00  2.00  2.00  1.50 -0.29  1.50 
ASN TRP 13
-0.90 -1.31  2.00  2.00  2.00  2.00 -0.61  2.00 
LEU GLY 156
-0.56 -1.62  1.02  2.00  2.00  2.00  0.57  1.87 
LEU ALA 142
-0.34 -1.74  1.49  2.00  2.00  2.00  0.57  2.00 
LEU SER 136
-0.57 -1.69  1.73  2.00  2.00  1.73  1.04  2.00 
LEU CYS 31
-0.95 -1.64  2.00  2.00  2.00  2.00  1.35  2.00 
LEU VAL 144
-0.64 -1.44  0.69  2.00  2.00  1.50  0.12  1.28 
LEU THR 129
-0.31 -1.69  1.68  2.00  2.00  2.00  0.38  1.39 
LEU ILE 108
-0.73 -1.56  1.22  2.00  2.00  2.00  0.41  1.91 
LEU PRO 55
-0.15 -1.81  1.93  2.00  2.00  1.23  1.93  1.93 
LEU MET 40
-0.47 -1.57  1.61  2.00  2.00  0.51  0.51  1.61 
LEU ASP 107
-0.40 -1.75  1.90  2.00  2.00  1.49  1.90  1.49 
LEU ASN 99
-0.74 -1.60  1.13  2.00  2.00  1.82  1.42  1.42 
LEU LEU 142
-0.56 -1.70  1.78  2.00  2.00  2.00  0.68  2.00 
LEU LYS 109
-0.33 -1.72  2.00  2.00  2.00  2.00  0.31  1.51 
LEU GLU 111
-0.26 -1.73  1.94  2.00  2.00  1.24  0.55  2.00 
LEU GLN 66
-0.66 -1.45  1.01  2.00  2.00  1.01  0.72  0.50 
LEU ARG 82
-0.62 -1.60  1.63  2.00  2.00  0.72  0.72  2.00 
LEU HIS 58
-0.10 -1.68  0.88  2.00  2.00  1.98  0.04  2.00 
LEU PHE 87
-0.10 -1.67  1.69  2.00  2.00  0.59  0.44  1.69 
LEU TYR 77
-0.63 -1.54  2.00  2.00  2.00  0.18  1.17  1.57 
LEU TRP 32
-0.41 -1.61  1.39  2.00  2.00  2.00  0.29  0.69 
LYS GLY 76
 1.15 -1.72  1.15  2.00  2.00  0.05  0.17  2.00 
LYS ALA 82
-0.24 -1.52  1.23  2.00  2.00  0.25  0.13  1.63 
LYS SER 62
-0.15 -1.67  2.00  2.00  2.00  0.26  0.66  2.00 
LYS CYS 20
-0.88 -1.48  2.00  2.00  2.00  0.92  0.22  2.00 
LYS VAL 134
-0.18 -1.59  1.72  2.00  2.00  0.42  0.52  0.74 
LYS THR 73
 0.27 -1.62  2.00  2.00  2.00  0.13 -0.19  2.00 
LYS ILE 124
-0.48 -1.43  2.00  2.00  2.00  0.34 -0.15  1.35 
LYS PRO 25
 0.04 -1.35  1.14  2.00  2.00  0.04  0.04  0.04 
LYS MET 23
-0.33 -1.43  1.06  2.00  2.00  0.36 -0.33  2.00 
LYS ASP 34
 0.75 -1.73  1.45  2.00  2.00  1.45 -0.16  1.45 
LYS ASN 44
 0.61 -1.76  1.01  2.00  2.00  0.61  1.01  1.01 
LYS LEU 127
-0.37 -1.53  1.67  2.00  2.00  0.57 -0.01  1.67 
LYS LYS 49
 0.20 -1.71  1.81  2.00  2.00  0.20  0.43  2.00 
LYS GLU 43
-0.52 -1.58  1.68  2.00  2.00  0.30  0.58  2.00 
LYS GLN 37
-0.55 -1.46  2.00  2.00  2.00 -0.08  0.15  2.00 
LYS ARG 37
-0.08 -1.46  2.00  2.00  2.00 -0.41 -0.08  2.00 
LYS HIS 23
-0.33 -1.65  1.06  2.00  2.00  1.06  0.36  2.00 
LYS PHE 52
-0.61 -1.50  1.87  2.00  2.00  0.77 -0.07  2.00 
LYS TYR 47
-0.31 -1.41  1.08  2.00  2.00  1.08 -0.31  0.67 
LYS TRP 19
 0.86 -1.62  2.00  2.00  2.00 -0.52  0.86  0.86 
GLU GLY 59
 0.21 -1.61  1.30  2.00  2.00  2.00 -0.40  1.30 
GLU ALA 55
-0.15 -1.66  2.00  2.00  2.00  1.23 -0.02  1.23 
GLU SER 50
 0.22 -1.66  1.14  2.00  2.00  1.14  0.22  0.73 
GLU CYS 22
-0.93 -1.47  2.00  2.00  2.00  2.00 -0.09  2.00 
GLU VAL 101
-0.68 -1.43  1.84  2.00  2.00  0.46  0.46  0.93 
GLU THR 50
-0.57 -1.69  2.00  2.00  2.00  1.14  1.14  1.83 
GLU ILE 80
-0.34 -1.63  2.00  2.00  2.00  0.92  0.36  0.92 
GLU PRO 29
 1.29 -1.66  0.59  2.00  2.00  0.19  0.59  0.59 
GLU MET 17
 0.06 -1.81  2.00  2.00  2.00  0.75  0.75  2.00 
GLU ASP 46
-0.45 -1.62  2.00  2.00  2.00  0.36  0.36  2.00 
GLU ASN 35
-0.32 -1.62  2.00  2.00  2.00  0.38  2.00  0.09 
GLU LEU 104
-0.57 -1.51  1.87  2.00  2.00  0.96  0.37  0.77 
GLU LYS 29
 1.29 -1.66  2.00  2.00  2.00 -0.32  0.59  0.59 
GLU GLU 50
-0.36 -1.43  2.00  2.00  1.83 -0.47  0.73  1.83 
GLU GLN 16
 0.00 -1.61  0.69  2.00  2.00  0.00  2.00  0.69 
GLU ARG 39
-0.36 -1.41  2.00  2.00  2.00 -0.03 -0.21  1.58 
GLU HIS 24
 0.00 -1.61  1.10  2.00  2.00  2.00 -0.51  2.00 
GLU PHE 59
-0.40 -1.50  1.30  2.00  2.00  0.61 -0.08  2.00 
GLU TYR 50
 0.22 -1.46  1.14  2.00  2.00  0.22 -0.11  0.45 
GLU TRP 15
 2.00 -1.94  2.00  2.00  2.00 -0.06  2.00  2.00 
GLN GLY 42
 0.97 -1.95  2.00  2.00  2.00  2.00  0.97  1.66 
GLN ALA 43
-0.40 -1.58  2.00  2.00  2.00  0.58  0.07  1.68 
GLN SER 42
-0.29 -1.64  2.00  2.00  2.00  0.97  0.27  0.97 
GLN CYS 18
-0.58 -1.39  2.00  2.00  2.00  0.81 -0.29  0.81 
GLN VAL 81
-0.46 -1.47  0.93  2.00  2.00  0.52  0.37  0.93 
GLN THR 46
 0.36 -1.78  2.00  2.00  2.00  1.06  0.65  0.65 
GLN ILE 49
-0.67 -1.28  2.00  2.00  2.00  0.71 -0.27  0.43 
GLN PRO 8
 0.00 -1.61  2.00  2.00  2.00  0.00  0.00  2.00 
GLN MET 10
 0.22 -1.57  0.22  2.00  2.00 -0.47  2.00  2.00 
GLN ASP 23
 0.36 -1.83  2.00  2.00  2.00  1.06  1.06  1.06 
GLN ASN 20
 0.92 -1.79  2.00  2.00  2.00 -0.47  2.00  2.00 
GLN LEU 75
-0.60 -1.63  2.00  2.00  2.00  1.54  0.45  2.00 
GLN LYS 25
-0.25 -1.69  1.14  2.00  2.00  0.45  1.14  2.00 
GLN GLU 24
 0.41 -1.67  2.00  2.00  2.00  0.41  0.00  1.10 
GLN GLN 17
-0.86 -1.19  0.75  2.00  2.00  2.00  0.06  0.06 
GLN ARG 23
-0.04 -1.72  2.00  2.00  2.00  1.06 -0.04  2.00 
GLN HIS 11
-0.37 -1.47  2.00  2.00  2.00 -0.37  0.32  2.00 
GLN PHE 35
-0.47 -1.70  2.00  2.00  2.00  0.78  2.00  0.78 
GLN TYR 33
-0.19 -1.53  1.42  2.00  2.00  0.72 -0.19  1.42 
GLN TRP 13
-0.21 -1.82  2.00  2.00  2.00  2.00  0.49  2.00 
ARG GLY 61
 0.24 -1.58  2.00  2.00  2.00  0.24 -0.05  0.93 
ARG ALA 68
 0.35 -1.85  2.00  2.00  2.00  2.00  0.35  1.45 
ARG SER 57
 0.35 -1.70  2.00  2.00  2.00  0.58 -0.12  1.96 
ARG CYS 26
-0.43 -1.59  1.18  2.00  2.00  0.49  0.49  2.00 
ARG VAL 133
-0.56 -1.45  2.00  2.00  2.00  1.02 -0.08  0.86 
ARG THR 49
-0.49 -1.59  1.81  2.00  2.00  1.12  0.43  1.12 
ARG ILE 84
-0.59 -1.39  2.00  2.00  2.00  0.74 -0.29  1.25 
ARG PRO 29
-0.10 -1.76  2.00  2.00  2.00  1.29  0.19  2.00 
ARG MET 24
-0.29 -1.47  2.00  2.00  2.00  1.10  0.00  0.00 
ARG ASP 44
-0.60 -1.39  2.00  2.00  2.00 -0.37  0.32  2.00 
ARG ASN 40
-0.18 -1.79  1.61  2.00  2.00  0.92  1.61  2.00 
ARG LEU 98
 0.11 -1.68  1.41  2.00  2.00  0.71  0.31  1.41 
ARG LYS 27
 0.12 -1.49  2.00  2.00  2.00  0.12 -0.39  1.22 
ARG GLU 38
-0.23 -1.74  1.56  2.00  2.00  0.86  0.86  2.00 
ARG GLN 22
 0.32 -1.76  2.00  2.00  2.00  1.01 -0.09  2.00 
ARG ARG 45
 0.12 -1.49  2.00  2.00  2.00  0.12 -0.35  1.03 
ARG HIS 21
-0.13 -1.52  2.00  2.00  2.00  0.97 -0.42  0.97 
ARG PHE 50
-0.47 -1.63  1.83  2.00  2.00  1.14  0.73  1.14 
ARG TYR 50
 0.04 -1.60  1.83  2.00  2.00  1.83 -0.47  1.83 
ARG TRP 22
 0.32 -1.47  2.00  2.00  2.00  2.00 -1.07  2.00 
HIS GLY 33
-0.37 -1.36  2.00  2.00  2.00  2.00 -0.89  1.42 
HIS ALA 42
 0.05 -1.78  2.00  2.00  2.00  1.66  0.05  2.00 
HIS SER 40
-0.34 -1.53  2.00  2.00  2.00  0.92 -0.18  0.92 
HIS CYS 14
-0.13 -1.52  2.00  2.00  2.00  2.00 -0.83  2.00 
HIS VAL 52
-0.43 -1.62  2.00  2.00  2.00  1.18  0.08  1.87 
HIS THR 28
-0.36 -1.58  1.25  2.00  2.00  1.25 -0.13  2.00 
HIS ILE 53
-0.59 -1.24  1.20  2.00  2.00  1.20 -0.06 -0.06 
HIS PRO 20
-0.18 -1.57  0.22  2.00  2.00  2.00 -0.18  2.00 
HIS MET 14
-0.83 -1.23  2.00  2.00  2.00 -0.13 -0.13  2.00 
HIS ASP 15
-0.76 -1.32  2.00  2.00  2.00  0.63 -0.47  2.00 
HIS ASN 22
-0.60 -1.55  2.00  2.00  2.00  1.01  0.32  1.01 
HIS LEU 39
-0.61 -1.63  2.00  2.00  2.00  1.58  0.49  1.58 
HIS LYS 19
 2.00 -1.84  0.17  2.00  2.00  2.00  0.86  0.86 
HIS GLU 20
 0.92 -1.79  2.00  2.00  2.00  2.00 -0.18  0.92 
HIS GLN 14
-0.13 -1.74  0.56  2.00  2.00  2.00  2.00  0.56 
HIS ARG 21
-0.13 -1.52  0.27  2.00  2.00  0.97 -0.13  2.00 
HIS HIS 12
-0.29 -1.67  2.00  2.00  2.00  0.41  0.41  2.00 
HIS PHE 31
-0.59 -1.28  1.35  2.00  2.00  1.35 -0.44  0.66 
HIS TYR 17
-0.86 -1.33  2.00  2.00  2.00  2.00 -0.34  0.75 
HIS TRP 8
-1.39 -1.10  2.00  2.00  2.00  2.00  0.00  2.00 
PHE GLY 79
-0.19 -1.70  2.00  2.00  2.00  2.00  0.21  1.19 
PHE ALA 68
-0.80 -1.52  2.00  2.00  2.00  2.00  0.06  1.45 
PHE SER 91
-0.46 -1.71  2.00  2.00  2.00  1.74  1.33  1.05 
PHE CYS 20
-1.16 -1.48  2.00  2.00  2.00  2.00  2.00  0.92 
PHE VAL 102
-0.63 -1.55  1.45  2.00  2.00  1.85  0.75  0.60 
PHE THR 75
-0.25 -1.69  2.00  2.00  2.00  2.00  0.29  1.14 
PHE ILE 74
-0.26 -1.60  2.00  2.00  2.00  1.53 -0.17  1.13 
PHE PRO 39
 0.20 -1.67  2.00  2.00  2.00  2.00 -0.03  0.20 
PHE MET 22
-0.60 -1.47  2.00  2.00  2.00  1.01 -0.09  1.01 
PHE ASP 52
-0.77 -1.50  2.00  2.00  2.00  1.18 -0.07  2.00 
PHE ASN 54
-0.98 -1.39  2.00  2.00  2.00  2.00 -0.04  1.22 
PHE LEU 75
-0.65 -1.63  2.00  2.00  2.00  2.00  0.63  0.85 
PHE LYS 63
-0.88 -1.49  1.37  2.00  2.00  2.00  0.68  0.97 
PHE GLU 62
-0.72 -1.62  2.00  2.00  2.00  2.00  0.44  1.35 
PHE GLN 41
-0.76 -1.36  2.00  2.00  2.00  0.94 -0.31  1.63 
PHE ARG 64
-0.22 -1.79  2.00  2.00  2.00  2.00  0.69  2.00 
PHE HIS 30
-0.76 -1.32  0.63  2.00  2.00  2.00 -0.47  2.00 
PHE PHE 46
-0.33 -1.62  1.75  2.00  2.00  1.75 -0.04  1.75 
PHE TYR 53
-0.06 -1.72  1.89  2.00  2.00  1.89  0.50  0.79 
PHE TRP 26
-0.77 -1.59  2.00  2.00  2.00  1.18  1.18  1.18 
TYR GLY 71
-0.46 -1.65  2.00  2.00  2.00  2.00  0.10  1.08 
TYR ALA 70
-0.40 -1.54  2.00  2.00  2.00  2.00 -0.13  0.56 
TYR SER 74
-0.61 -1.67  2.00  2.00  2.00  2.00  0.62  1.13 
TYR CYS 24
-0.85 -1.73  2.00  2.00  2.00  2.00  2.00  2.00 
TYR VAL 107
-0.81 -1.47  2.00  2.00  2.00  1.49  0.29  0.80 
TYR THR 85
-0.41 -1.55  2.00  2.00  2.00  2.00 -0.03  0.42 
TYR ILE 61
-0.68 -1.37  2.00  2.00  2.00  2.00 -0.53  2.00 
TYR PRO 23
-0.74 -1.34  2.00  2.00  2.00  0.36 -0.04  1.06 
TYR MET 24
 1.10 -1.90  2.00  2.00  2.00  2.00  0.00  2.00 
TYR ASP 59
-0.40 -1.56  2.00  2.00  2.00  1.30 -0.08  0.90 
TYR ASN 51
-0.98 -1.33  2.00  2.00  2.00  2.00 -0.09  0.75 
TYR LEU 66
-0.66 -1.42  1.01  2.00  2.00  2.00  0.03  0.50 
TYR LYS 61
-0.45 -1.71  2.00  2.00  2.00  2.00  1.34  0.65 
TYR GLU 43
-0.40 -1.75  2.00  2.00  2.00  2.00  0.99  0.99 
TYR GLN 29
-0.10 -1.55  2.00  2.00  2.00  0.59 -0.50  2.00 
TYR ARG 40
-0.18 -1.53  2.00  2.00  2.00  2.00 -0.69  1.61 
TYR HIS 32
-0.22 -1.66  2.00  2.00  2.00  0.69  0.29  1.39 
TYR PHE 46
-0.45 -1.62  2.00  2.00  2.00  2.00 -0.04  1.06 
TYR TYR 47
-0.63 -1.53  2.00  2.00  2.00  1.08  0.67  0.38 
TYR TRP 18
-0.80 -1.49  2.00  2.00  2.00  0.81  0.12  2.00 
TRP GLY 21
-0.13 -1.60  2.00  2.00  2.00  0.97 -0.13  0.97 
TRP ALA 24
-0.29 -1.79  2.00  2.00  2.00  2.00  0.41  2.00 
TRP SER 26
-0.77 -1.59  2.00  2.00  2.00  2.00  1.18  0.49 
TRP CYS 6
-0.98 -1.67  2.00  2.00  2.00  2.00  2.00  2.00 
TRP VAL 44
-0.93 -1.43  1.70  2.00  2.00  1.70  1.01  0.61 
TRP THR 29
 0.19 -1.66  2.00  2.00  2.00  2.00 -0.50  1.29 
TRP ILE 25
-1.16 -0.94  1.14  2.00  2.00  2.00  0.04  0.04 
TRP PRO 13
-0.90 -1.12  2.00  2.00  2.00  0.49 -0.61  2.00 
TRP MET 7
-0.13 -1.93  2.00  2.00  2.00  2.00  2.00  2.00 
TRP ASP 25
-0.81 -1.57  2.00  2.00  2.00  1.14  2.00  0.45 
TRP ASN 22
-0.37 -1.55  2.00  2.00  2.00  2.00  0.32 -0.09 
TRP LEU 32
 0.00 -1.75  2.00  2.00  2.00  2.00  0.69  0.29 
TRP LYS 31
-1.04 -1.42  2.00  2.00  2.00  1.35  1.35  0.66 
TRP GLU 21
-1.11 -1.11  2.00  2.00  2.00  0.97 -0.13  0.97 
TRP GLN 14
-1.05 -1.23  2.00  2.00  2.00  2.00  0.56 -0.13 
TRP ARG 11
-0.78 -1.07  0.32  2.00  2.00  2.00 -0.37  0.32 
TRP HIS 10
-1.16 -1.57  2.00  2.00  2.00  2.00  2.00  2.00 
TRP PHE 18
 0.81 -1.27  2.00  2.00  2.00  0.12 -0.80  0.12 
TRP TYR 13
-0.61 -1.31  2.00  2.00  2.00  2.00 -0.21 -0.21 
TRP TRP 5
-1.16 -1.16  2.00  2.00  2.00  2.00  2.00 -0.47 
##### ri,i+4 (A1,A5) #####
GLY GLY 71
 2.00  2.00  2.00  0.93 -1.47 -0.77  2.00 
GLY ALA 73
 2.00  2.00  2.00  1.25 -1.24 -1.18  2.00 
GLY SER 75
 2.00  2.00  2.00  2.00 -1.06 -1.41  2.00 
GLY CYS 22
 2.00  2.00  2.00 -0.46 -0.65 -1.25  2.00 
GLY VAL 147
 2.00  2.00  1.95  0.74 -1.22 -1.10  2.00 
GLY THR 82
 2.00  2.00  1.77  1.36 -0.97 -1.37  2.00 
GLY ILE 116
 2.00  2.00  2.00  0.61 -1.29 -0.98  2.00 
GLY PRO 31
 2.00  2.00  0.79  0.79 -1.60 -0.12  2.00 
GLY MET 29
 2.00  2.00  2.00  1.42 -0.88 -1.41  1.42 
GLY ASP 59
 2.00  2.00  2.00  1.03 -0.43 -1.56  1.03 
GLY ASN 61
 2.00  2.00  2.00  2.00 -0.78 -1.55  2.00 
GLY LEU 118
 2.00  2.00  2.00  1.22 -1.03 -1.30  1.73 
GLY LYS 49
 2.00  2.00  1.95  0.85 -0.13 -1.39 -0.25 
GLY GLU 52
 2.00  2.00  2.00  1.31 -0.77 -1.33  0.40 
GLY GLN 33
 2.00  2.00  2.00  1.55 -0.53 -1.49  0.45 
GLY ARG 44
 2.00  2.00  1.84  1.15 -0.73 -0.73 -0.87 
GLY HIS 31
 2.00  2.00  2.00  0.39 -0.71 -1.15 -0.12 
GLY PHE 71
 2.00  2.00  2.00  0.53 -1.29 -0.77  0.71 
GLY TYR 59
 2.00  2.00  2.00  1.03 -1.16 -0.64 -0.43 
GLY TRP 34
 2.00  2.00  2.00  0.19 -0.37 -1.25 -0.21 
ALA GLY 77
 2.00  2.00  2.00  0.79 -1.49 -0.69  2.00 
ALA ALA 73
 2.00  2.00  2.00  0.40 -1.21 -1.09  2.00 
ALA SER 74
 2.00  2.00  2.00  1.26 -1.17 -1.25  2.00 
ALA CYS 17
 2.00  2.00  2.00  0.89 -0.90 -1.42  2.00 
ALA VAL 119
 2.00  2.00  2.00  1.22 -1.50 -0.72  2.00 
ALA THR 71
 2.00  2.00  2.00  2.00 -1.27 -1.21  2.00 
ALA ILE 75
 2.00  2.00  2.00  0.58 -1.44 -0.81  2.00 
ALA PRO 22
 2.00  2.00  2.00  2.00 -1.25 -1.25  2.00 
ALA MET 24
 2.00  2.00  2.00 -0.15 -1.33 -0.56  1.23 
ALA ASP 51
 2.00  2.00  2.00  0.60 -0.90 -1.35  1.99 
ALA ASN 35
 2.00  2.00  2.00  0.92 -0.59 -1.53  1.61 
ALA LEU 93
 2.00  2.00  2.00  0.39 -1.46 -0.55  1.20 
ALA LYS 47
 2.00  2.00  2.00  1.21 -0.99 -1.14  0.11 
ALA GLU 42
 2.00  2.00  2.00  0.00 -1.04 -1.10  1.79 
ALA GLN 37
 2.00  2.00  1.67  0.97 -0.64 -1.23 -0.13 
ALA ARG 45
 2.00  2.00  2.00  0.76 -0.62 -0.91 -0.78 
ALA HIS 30
 2.00  2.00  2.00 -0.34 -0.94 -0.74  0.07 
ALA PHE 64
 2.00  2.00  2.00  0.02 -1.15 -0.73  0.27 
ALA TYR 53
 2.00  2.00  2.00  0.41 -1.15 -0.61 -0.28 
ALA TRP 17
 2.00  2.00  0.19  0.89 -0.72 -0.72 -0.50 
SER GLY 41
 2.00  2.00  1.07  2.00 -1.37 -1.00  2.00 
SER ALA 62
 2.00  2.00  2.00  0.79 -1.11 -1.25  2.00 
SER SER 58
 2.00  2.00  2.00  1.02 -1.06 -1.32  2.00 
SER CYS 14
 2.00  2.00  2.00  0.69 -1.10 -1.10  0.69 
SER VAL 114
 2.00  2.00  2.00  1.40 -1.20 -1.20  2.00 
SER THR 64
 2.00  2.00  2.00  2.00 -1.12 -1.34  2.00 
SER ILE 65
 2.00  2.00  2.00  0.84 -1.24 -1.14  2.00 
SER PRO 21
 2.00  2.00  2.00  0.00 -0.98 -1.20  2.00 
SER MET 25
 2.00  2.00  1.27  0.58 -1.03 -1.12  1.27 
SER ASP 58
 2.00  2.00  2.00  1.02 -0.78 -1.29  0.17 
SER ASN 28
 2.00  2.00  2.00  0.69 -0.69 -1.45  1.39 
SER LEU 73
 2.00  2.00  2.00  0.74 -1.21 -0.91  0.55 
SER LYS 44
 2.00  2.00  1.84  0.74 -0.56 -1.16 -0.36 
SER GLU 45
 2.00  2.00  2.00  0.76 -0.44 -1.27 -0.34 
SER GLN 27
 2.00  2.00  2.00  0.25 -0.44 -1.13 -0.44 
SER ARG 42
 2.00  2.00  2.00 -0.15 -0.77 -0.92 -0.15 
SER HIS 21
 1.10  2.00  1.10 -0.29 -0.85 -0.69  0.41 
SER PHE 47
 2.00  2.00  1.90 -0.29 -1.14 -0.40  0.11 
SER TYR 29
 2.00  2.00  2.00  0.04 -0.98 -0.66 -0.37 
SER TRP 19
 2.00  2.00  2.00  0.31 -0.61 -1.30  0.31 
CYS GLY 15
 2.00  2.00  2.00  0.76 -1.32 -1.03  2.00 
CYS ALA 10
 2.00  2.00  2.00  0.36 -1.03 -1.25  2.00 
CYS SER 11
 2.00  2.00  0.45  0.45 -0.24 -1.49  2.00 
CYS CYS 3
 2.00  2.00  2.00  2.00 -1.54 -0.85  2.00 
CYS VAL 16
 2.00  2.00  2.00 -0.56 -1.37 -0.27  2.00 
CYS THR 14
 2.00  2.00  2.00  0.69 -0.92 -1.39  2.00 
CYS ILE 18
 2.00  2.00  2.00  0.94 -1.13 -1.00  0.25 
CYS PRO 8
 2.00  2.00  2.00  0.13 -1.25 -0.97  2.00 
CYS MET 7
 2.00  2.00  2.00  0.00 -1.10 -1.10  2.00 
CYS ASP 24
 2.00  2.00  2.00  1.23  0.54 -1.66  0.13 
CYS ASN 20
 2.00  2.00  1.05  2.00 -0.74 -1.52  2.00 
CYS LEU 20
 2.00  2.00  2.00  2.00 -0.90 -1.52  2.00 
CYS LYS 6
 2.00  2.00  2.00  2.00  2.00 -1.95  2.00 
CYS GLU 25
 2.00  2.00  2.00 -0.34 -0.52 -0.81 -0.52 
CYS GLN 11
 2.00  2.00  2.00  0.45 -0.65 -1.34  0.45 
CYS ARG 8
 2.00  2.00  2.00  0.13  0.13 -1.25 -0.56 
CYS HIS 11
 2.00  2.00  2.00  0.45 -0.65 -1.49  2.00 
CYS PHE 7
 2.00  2.00  2.00 -0.69 -0.69  0.00 -0.69 
CYS TYR 10
 2.00  2.00  2.00  0.36 -0.74 -1.03 -0.34 
CYS TRP 0
 2.00  2.00  2.00  2.00  2.00  2.00  2.00 
VAL GLY 194
 2.00  2.00  2.00  0.33 -1.44 -0.63  2.00 
VAL ALA 130
 2.00  2.00  2.00  0.03 -1.34 -0.74  2.00 
VAL SER 139
 2.00  2.00  2.00 -0.01 -1.02 -1.12  2.00 
VAL CYS 38
 2.00  2.00  2.00  1.69 -1.25 -1.14  1.69 
VAL VAL 145
 2.00  2.00  2.00  0.04 -1.35 -0.73  2.00 
VAL THR 130
 2.00  2.00  2.00  0.36 -1.10 -1.19  2.00 
VAL ILE 112
 2.00  2.00  2.00 -0.17 -1.30 -0.72  2.00 
VAL PRO 66
 2.00  2.00  2.00  1.15 -1.22 -1.19  2.00 
VAL MET 29
 2.00  2.00  1.42  0.32 -0.98 -1.14  1.42 
VAL ASP 113
 2.00  2.00  2.00  0.99 -0.51 -1.51  0.84 
VAL ASN 113
 2.00  2.00  2.00  0.99 -0.80 -1.39  0.99 
VAL LEU 127
 2.00  2.00  2.00 -0.15 -1.11 -0.95  1.80 
VAL LYS 79
 2.00  2.00  2.00  0.34 -0.47 -0.98 -0.71 
VAL GLU 85
 2.00  2.00  2.00  0.89 -0.90 -1.17  0.10 
VAL GLN 48
 2.00  2.00  2.00  0.13 -0.38 -1.21 -0.27 
VAL ARG 76
 2.00  2.00  2.00  0.44 -0.32 -0.87 -0.91 
VAL HIS 41
 2.00  2.00  2.00  0.38 -0.94 -1.18  0.67 
VAL PHE 79
 2.00  2.00  2.00 -0.14 -1.07 -0.71  0.23 
VAL TYR 74
 2.00  2.00  2.00 -0.13 -0.78 -0.90 -0.21 
VAL TRP 25
 2.00  2.00  2.00 -0.52 -0.52 -1.03  0.17 
THR GLY 88
 2.00  2.00  2.00  0.59 -1.48 -0.73  2.00 
THR ALA 75
 2.00  2.00  1.68  0.43 -1.27 -0.96  2.00 
THR SER 86
 2.00  2.00  2.00  0.43 -1.21 -1.05  1.82 
THR CYS 20
 2.00  2.00  2.00  1.05 -1.25 -1.03  1.05 
THR VAL 113
 2.00  2.00  2.00  0.99 -1.15 -1.21  2.00 
THR THR 98
 2.00  2.00  2.00  0.85 -1.17 -1.17  2.00 
THR ILE 72
 2.00  2.00  2.00  0.38 -0.89 -1.25  1.64 
THR PRO 36
 2.00  2.00  2.00  1.64 -1.20 -1.25  2.00 
THR MET 24
 2.00  2.00  1.23  0.13 -0.56 -1.17  0.13 
THR ASP 51
 2.00  2.00  2.00  2.00 -0.41 -1.68  1.99 
THR ASN 62
 2.00  2.00  2.00  1.49 -0.53 -1.53  0.79 
THR LEU 98
 2.00  2.00  2.00  0.34 -1.25 -0.94  1.54 
THR LYS 50
 2.00  2.00  1.97  1.97 -0.92 -1.03 -0.34 
THR GLU 68
 2.00  2.00  2.00  1.17 -0.90 -1.25  0.48 
THR GLN 39
 2.00  2.00  1.72  1.02 -0.68 -1.17 -0.23 
THR ARG 47
 2.00  2.00  1.90  0.81 -0.80 -0.93 -0.49 
THR HIS 27
 2.00  2.00  1.35  1.35 -1.13 -1.05  0.66 
THR PHE 67
 2.00  2.00  2.00 -0.23 -1.24 -0.45  0.31 
THR TYR 50
 2.00  2.00  2.00  0.58 -1.29 -0.74  0.36 
THR TRP 19
 2.00  2.00  2.00 -0.39 -0.61 -0.61 -0.61 
ILE GLY 120
 2.00  2.00  2.00  0.76 -1.48 -0.74  2.00 
ILE ALA 103
 2.00  2.00  2.00  0.61 -1.10 -1.18  2.00 
ILE SER 86
 2.00  2.00  2.00  0.31 -0.93 -1.23  1.41 
ILE CYS 31
 2.00  2.00  2.00  0.10 -1.15 -1.08  2.00 
ILE VAL 104
 2.00  2.00  2.00  0.21 -1.23 -0.91  1.60 
ILE THR 77
 2.00  2.00  2.00  1.01 -1.04 -1.32  2.00 
ILE ILE 77
 2.00  2.00  2.00  0.61 -1.07 -1.10  1.01 
ILE PRO 50
 2.00  2.00  1.97  0.36 -1.33 -0.87  2.00 
ILE MET 18
 2.00  0.94  2.00 -0.15 -0.85 -1.00  0.94 
ILE ASP 92
 2.00  2.00  2.00  0.38 -0.42 -1.38  0.18 
ILE ASN 68
 2.00  2.00  2.00  0.48 -0.50 -1.31 -0.03 
ILE LEU 84
 2.00  1.39  2.00 -0.08 -1.15 -0.77  1.39 
ILE LYS 55
 2.00  2.00  2.00  1.37 -0.65 -1.03 -0.71 
ILE GLU 65
 2.00  2.00  2.00  1.13 -0.17 -1.36 -0.48 
ILE GLN 27
 2.00  2.00  2.00  0.25 -0.73 -1.05 -0.26 
ILE ARG 43
 2.00  2.00  2.00  1.82 -0.38 -1.18 -0.75 
ILE HIS 41
 2.00  1.77  1.77  1.77 -1.07 -0.72 -0.43 
ILE PHE 48
 2.00  2.00  1.93 -0.02 -1.02 -0.85  0.32 
ILE TYR 49
 2.00  2.00  2.00  0.15 -0.69 -0.94 -0.45 
ILE TRP 25
 2.00  2.00  2.00  0.17 -0.92 -0.92 -0.11 
PRO GLY 41
 2.00  2.00  2.00  1.07 -1.12 -1.28  2.00 
PRO ALA 37
 2.00  2.00  2.00  0.97 -1.04 -1.33  2.00 
PRO SER 27
 2.00  2.00  2.00  0.66 -0.85 -1.42  2.00 
PRO CYS 12
 2.00  2.00  2.00  0.54  0.54 -1.66  0.54 
PRO VAL 79
 2.00  2.00  2.00  2.00 -0.83 -1.47  1.32 
PRO THR 37
 2.00  2.00  2.00  2.00 -0.97 -1.33  0.57 
PRO ILE 54
 2.00  2.00  2.00  1.35 -0.90 -1.36  0.94 
PRO PRO 11
 2.00  2.00  2.00 -0.24 -0.93 -1.16  2.00 
PRO MET 12
 2.00  2.00  2.00  2.00 -0.15 -1.54 -0.15 
PRO ASP 16
 2.00  2.00  2.00  0.83 -0.78 -1.37  0.83 
PRO ASN 15
 2.00  2.00  2.00  0.76 -1.03 -0.62 -0.62 
PRO LEU 50
 2.00  2.00  2.00  1.97 -0.98 -1.21  0.17 
PRO LYS 30
 2.00  2.00  1.46  1.46  0.07 -1.25 -0.74 
PRO GLU 18
 2.00  2.00  2.00  0.94 -1.13 -1.13  0.94 
PRO GLN 23
 2.00  2.00  2.00  0.50 -0.42 -1.45  0.50 
PRO ARG 33
 2.00  2.00  2.00 -0.06 -0.40 -1.01 -0.53 
PRO HIS 16
 2.00  2.00  2.00 -0.27 -0.97 -0.56 -0.27 
PRO PHE 26
 2.00  2.00  2.00  0.62 -1.17 -0.77 -0.07 
PRO TYR 27
 2.00  2.00  2.00  0.25 -0.26 -0.85 -0.95 
PRO TRP 14
 2.00  2.00  2.00  2.00 -1.25 -0.69 -0.41 
MET GLY 39
 1.72  2.00  2.00  1.72 -1.37 -0.68  0.33 
MET ALA 25
 2.00  2.00  0.58  1.27 -1.03 -1.03  0.58 
MET SER 20
 2.00  2.00  2.00  2.00 -1.15 -1.35  2.00 
MET CYS 6
 2.00  2.00  2.00 -0.15 -0.15 -1.54  2.00 
MET VAL 27
 2.00  2.00  2.00  0.66 -0.73 -1.48  2.00 
MET THR 20
 2.00  2.00  2.00  2.00 -1.25 -0.90 -0.05 
MET ILE 17
 2.00  2.00  2.00  0.19 -0.72 -1.19  0.19 
MET PRO 13
 2.00  2.00  2.00 -0.48 -1.33 -0.48  2.00 
MET MET 10
 2.00 -0.34  2.00 -0.74 -0.34 -0.74  2.00 
MET ASP 25
 2.00  2.00  2.00  1.27 -1.12 -1.03  0.17 
MET ASN 14
 2.00  2.00  2.00  2.00 -0.41 -0.92 -1.10 
MET LEU 29
 2.00  2.00  2.00  1.42 -1.22 -0.98  0.32 
MET LYS 11
 2.00  2.00  2.00  2.00 -0.65 -1.16 -0.65 
MET GLU 22
 2.00  2.00  2.00  0.05 -0.24 -1.25 -0.24 
MET GLN 14
 0.69  2.00  2.00  0.69 -0.41 -1.10 -0.41 
MET ARG 15
 2.00  2.00  2.00  0.07 -0.34 -1.03 -0.62 
MET HIS 11
 2.00  2.00  2.00  0.45  0.45 -1.49 -0.24 
MET PHE 18
 2.00  2.00  2.00 -0.15 -1.13 -1.00  2.00 
MET TYR 12
 2.00  2.00  0.54 -0.15 -0.85 -0.56 -0.15 
MET TRP 14
 2.00  2.00  2.00 -0.41 -1.39  0.69  0.00 
ASP GLY 41
 2.00  1.77  2.00  1.07 -0.72 -1.45  1.77 
ASP ALA 47
 2.00  2.00  1.90  0.81  0.11 -1.59  0.52 
ASP SER 25
 2.00  2.00  1.27  0.58 -0.34 -1.29 -0.11 
ASP CYS 19
 2.00  2.00  2.00  2.00 -0.61 -0.95 -0.95 
ASP VAL 97
 2.00  2.00  1.94  0.84 -0.32 -1.40  0.06 
ASP THR 51
 2.00  1.99  1.99  0.38 -0.50 -1.35  0.60 
ASP ILE 75
 2.00  2.00  2.00  1.68 -0.72 -1.34  0.07 
ASP PRO 18
 2.00  2.00  0.25  0.94 -0.85 -1.25  2.00 
ASP MET 16
 2.00  2.00  2.00  2.00  0.13 -1.12 -1.12 
ASP ASP 22
 2.00  2.00  2.00  2.00 -0.24 -1.16 -0.93 
ASP ASN 21
 2.00  1.10  2.00  1.10  0.41 -0.98 -1.10 
ASP LEU 92
 2.00  2.00  2.00  0.97 -0.68 -1.27  0.01 
ASP LYS 35
 2.00  2.00  1.61  1.61 -0.47 -0.69 -1.10 
ASP GLU 41
 1.77  2.00  1.77 -0.02 -0.43 -0.87 -0.53 
ASP GLN 16
 2.00  2.00  2.00  2.00  0.13 -1.12 -1.12 
ASP ARG 20
 2.00  2.00  2.00 -0.05 -0.34 -0.74 -0.90 
ASP HIS 16
 2.00  2.00  2.00  0.83 -0.56 -0.56 -1.12 
ASP PHE 38
 2.00  2.00  2.00  1.00 -1.02 -1.20  0.59 
ASP TYR 32
 2.00  2.00  2.00 -0.09 -0.56 -0.88 -0.56 
ASP TRP 11
 2.00  2.00  2.00  2.00 -0.93 -0.93 -0.65 
ASN GLY 35
 2.00  2.00  1.61  0.00 -1.16 -0.96  2.00 
ASN ALA 52
 2.00  2.00  2.00  0.40 -0.63 -1.43  1.31 
ASN SER 32
 1.52  2.00  2.00  1.52 -0.56 -1.31 -0.09 
ASN CYS 26
 2.00  2.00  1.31  0.21 -0.07 -1.25 -0.30 
ASN VAL 60
 2.00  2.00  2.00  0.76 -0.25 -1.44  0.07 
ASN THR 50
 2.00  2.00  2.00  1.97 -1.03 -1.17  0.17 
ASN ILE 60
 2.00  2.00  1.46  1.05 -0.42 -1.44  0.36 
ASN PRO 16
 2.00  0.83  2.00  2.00 -1.48 -0.78  2.00 
ASN MET 18
 2.00  2.00  0.94  2.00  0.25 -1.54 -0.15 
ASN ASP 23
 2.00  2.00  2.00  1.19 -0.42 -1.45  0.09 
ASN ASN 15
 2.00  2.00  2.00  2.00 -0.62 -1.03 -0.85 
ASN LEU 67
 2.00  2.00  2.00  0.65 -0.79 -1.27  0.47 
ASN LYS 27
 2.00  2.00  2.00  0.66 -0.44 -1.05 -0.73 
ASN GLU 24
 2.00  2.00  1.23  2.00  0.13 -1.41 -0.56 
ASN GLN 14
 2.00  2.00  2.00  0.69 -0.69 -1.10 -0.41 
ASN ARG 24
 2.00  2.00  2.00  0.54 -0.38 -0.97 -0.85 
ASN HIS 13
 2.00  2.00  2.00  0.62 -0.99 -0.48 -0.77 
ASN PHE 43
 2.00  2.00  1.12  1.12 -0.38 -1.28 -0.26 
ASN TYR 39
 2.00  2.00  0.33  0.11 -0.23 -1.05 -0.23 
ASN TRP 10
 2.00  2.00  2.00  2.00 -0.74 -1.03 -0.74 
LEU GLY 119
 1.73  2.00  2.00  0.53 -1.47 -0.53  2.00 
LEU ALA 109
 2.00  2.00  2.00  0.35 -1.15 -1.04  1.36 
LEU SER 94
 2.00  2.00  2.00  0.99 -1.19 -1.12  1.21 
LEU CYS 26
 2.00  2.00  2.00  0.62 -1.25 -0.89  0.62 
LEU VAL 120
 2.00  2.00  2.00 -0.10 -1.15 -0.77  0.64 
LEU THR 73
 2.00  2.00  2.00  0.74 -1.02 -1.12  0.55 
LEU ILE 91
 2.00  1.87  2.00 -0.33 -1.05 -0.84  1.18 
LEU PRO 40
 2.00  2.00  2.00  1.05 -1.03 -1.30  1.74 
LEU MET 27
 2.00  2.00  2.00 -0.26 -0.95 -0.85  0.25 
LEU ASP 76
 2.00  2.00  2.00  1.69 -0.61 -1.23 -0.45 
LEU ASN 80
 2.00  2.00  1.34  0.49 -0.78 -1.09  0.04 
LEU LEU 101
 2.00  2.00  2.00  0.10 -1.07 -0.86  0.27 
LEU LYS 69
 2.00  2.00  2.00  0.21 -0.55 -0.89 -0.66 
LEU GLU 69
 2.00  2.00  2.00  0.09 -0.66 -1.04 -0.28 
LEU GLN 47
 2.00  2.00  2.00 -0.04 -0.18 -1.27 -0.18 
LEU ARG 40
 2.00  2.00  2.00 -0.20 -0.34 -0.56 -0.97 
LEU HIS 32
 2.00  2.00  1.52 -0.43 -0.88 -0.68  0.13 
LEU PHE 59
 2.00  2.00  1.44 -0.58 -1.09 -0.27  0.34 
LEU TYR 66
 2.00  2.00  2.00  0.16 -0.65 -0.85 -0.53 
LEU TRP 23
 2.00  2.00  2.00  2.00 -0.76 -1.01 -0.76 
LYS GLY 40
 2.00  2.00  1.74  1.05 -0.82 -1.30  0.64 
LYS ALA 63
 2.00  2.00  2.00  1.50 -0.98 -1.20  0.25 
LYS SER 55
 2.00  2.00  2.00  0.96 -0.83 -1.12 -0.24 
LYS CYS 11
 2.00  2.00  2.00  2.00 -0.65 -1.34 -0.24 
LYS VAL 133
 2.00  2.00  2.00  0.86 -0.61 -1.13 -0.46 
LYS THR 71
 2.00  2.00  2.00  0.71 -0.90 -0.82 -0.52 
LYS ILE 88
 2.00  2.00  2.00  0.45 -0.76 -1.02 -0.30 
LYS PRO 14
 2.00  2.00  0.69 -0.41 -0.92 -0.69  0.69 
LYS MET 22
 2.00  2.00  2.00  0.45  0.45 -1.25 -0.80 
LYS ASP 43
 2.00  2.00  2.00  1.12 -0.49 -1.18 -0.58 
LYS ASN 34
 2.00  2.00  2.00  0.89 -0.50 -1.19 -0.50 
LYS LEU 83
 2.00  2.00  2.00  0.28 -0.62 -0.86 -0.71 
LYS LYS 58
 2.00  2.00  2.00  0.51 -0.72 -0.72 -0.83 
LYS GLU 28
 2.00  2.00  2.00  0.69 -0.41 -1.10 -0.69 
LYS GLN 29
 1.42  2.00  2.00  0.73  0.04 -1.06 -0.88 
LYS ARG 36
 2.00  2.00  2.00  0.94 -0.31 -0.76 -1.13 
LYS HIS 17
 2.00  2.00  2.00  0.19 -0.90 -0.90 -0.21 
LYS PHE 48
 2.00  2.00  2.00  0.32 -0.56 -1.07 -0.47 
LYS TYR 35
 2.00  2.00  0.51  0.00 -0.69 -0.59 -0.47 
LYS TRP 16
 2.00  2.00  2.00  0.83  0.83 -1.12 -1.12 
GLU GLY 35
 2.00  2.00  0.92  0.92 -1.03 -0.96  0.22 
GLU ALA 39
 2.00  2.00  2.00  1.02 -1.33 -0.85  0.62 
GLU SER 47
 2.00  2.00  2.00  1.90 -1.23 -0.99  0.29 
GLU CYS 12
 2.00  2.00  2.00 -0.15 -0.85 -1.07  0.54 
GLU VAL 95
 2.00  2.00  2.00  0.21 -0.83 -0.83 -0.44 
GLU THR 55
 2.00  2.00  1.37  0.45 -0.77 -1.07 -0.02 
GLU ILE 52
 2.00  2.00  2.00  1.31 -1.09 -0.89 -0.30 
GLU PRO 27
 2.00  2.00  1.35  0.66 -0.95 -1.13  0.66 
GLU MET 22
 2.00  2.00  2.00  2.00 -0.80 -1.16 -0.46 
GLU ASP 31
 2.00  2.00  2.00  0.10 -0.81 -1.22  0.79 
GLU ASN 30
 2.00  2.00  2.00  0.76  0.07 -1.44 -0.34 
GLU LEU 75
 2.00  2.00  2.00  0.43 -1.03 -1.06  0.43 
GLU LYS 29
 2.00  2.00  2.00 -0.37 -0.78 -0.37 -0.66 
GLU GLU 39
 2.00  2.00  1.72  0.62 -0.36 -1.23 -0.36 
GLU GLN 15
 2.00  2.00  0.76  2.00 -1.32 -0.85  0.76 
GLU ARG 21
 2.00  2.00  2.00  1.10 -0.85 -0.85 -0.69 
GLU HIS 14
 2.00  2.00  2.00  2.00 -0.92 -0.92 -0.69 
GLU PHE 28
 2.00  2.00  2.00  0.69 -1.39 -0.41  0.00 
GLU TYR 44
 2.00  2.00  1.84  0.45 -0.73 -0.73 -0.73 
GLU TRP 6
 2.00  2.00  2.00 -0.15 -0.85 -0.15 -0.85 
GLN GLY 26
 2.00  2.00  2.00  0.62 -0.89 -1.09 -0.07 
GLN ALA 37
 2.00  2.00  1.67  1.67 -1.04 -1.23  0.97 
GLN SER 34
 2.00  2.00  0.89  0.48 -1.06 -0.90  0.48 
GLN CYS 9
 2.00  2.00  2.00 -0.44 -0.85 -0.44 -0.44 
GLN VAL 59
 2.00  2.00  2.00  0.19 -0.86 -1.09  0.19 
GLN THR 42
 2.00  2.00  2.00  1.10 -1.04 -1.15  0.41 
GLN ILE 34
 2.00  2.00  2.00  0.48 -1.13 -0.82 -0.03 
GLN PRO 17
 2.00  2.00  0.19  0.19 -0.90 -0.90  0.89 
GLN MET 8
 2.00  0.13  0.13  2.00 -0.97 -0.97  2.00 
GLN ASP 22
 2.00  2.00  1.15  0.05 -0.24 -1.34  0.45 
GLN ASN 19
 2.00  2.00  1.00 -0.10  0.31 -1.40  0.31 
GLN LEU 51
 2.00  2.00  2.00  0.04 -0.65 -0.96 -0.41 
GLN LYS 34
 2.00  1.58  2.00  2.00 -0.72 -0.62 -1.06 
GLN GLU 25
 2.00  2.00  1.27  0.17 -0.67 -0.81 -0.52 
GLN GLN 4
 2.00  2.00  2.00  2.00 -1.25  2.00 -1.25 
GLN ARG 22
 2.00  2.00  2.00  0.45 -0.46 -0.65 -1.05 
GLN HIS 17
 2.00  2.00  2.00 -0.50  0.19 -1.19 -0.21 
GLN PHE 22
 2.00  2.00  1.15 -0.65 -0.65 -0.46 -0.24 
GLN TYR 22
 2.00  2.00  2.00  0.05 -0.93 -1.05  0.45 
GLN TRP 8
 2.00  2.00  2.00  0.13 -1.66  2.00  0.13 
ARG GLY 42
 2.00  2.00  2.00  1.10 -0.92 -1.25  0.41 
ARG ALA 60
 2.00  2.00  2.00  1.46 -0.85 -1.07 -0.42 
ARG SER 52
 2.00  2.00  2.00  1.31 -0.56 -0.99 -0.70 
ARG CYS 20
 2.00  2.00  0.36  2.00 -0.74 -1.25  0.36 
ARG VAL 83
 2.00  2.00  2.00  0.68 -0.93 -0.93 -0.30 
ARG THR 48
 2.00  1.93  2.00  1.93 -0.85 -1.07 -0.38 
ARG ILE 63
 2.00  2.00  2.00  0.81 -0.11 -1.30 -0.58 
ARG PRO 25
 2.00  1.27  2.00  0.17 -0.81 -1.12  0.58 
ARG MET 30
 2.00  2.00  2.00  0.76 -0.49 -1.11 -0.62 
ARG ASP 30
 2.00  2.00  2.00  1.46  0.36 -1.03 -1.18 
ARG ASN 23
 2.00  2.00  2.00  1.19 -0.76 -0.76 -0.89 
ARG LEU 84
 2.00  2.00  1.79  0.88 -0.73 -1.10 -0.29 
ARG LYS 27
 2.00  2.00  0.66  1.35 -0.26 -0.44 -1.22 
ARG GLU 30
 2.00  1.46  1.46  0.76  0.36 -1.03 -0.94 
ARG GLN 23
 2.00  2.00  2.00  1.19 -0.60 -0.76 -1.01 
ARG ARG 32
 2.00  2.00  0.42  0.42 -0.27 -0.43 -1.05 
ARG HIS 20
 1.05  2.00  2.00  1.05 -0.56 -0.74 -0.90 
ARG PHE 36
 2.00  2.00  1.64  0.25 -0.44 -1.00 -0.56 
ARG TYR 45
 1.86  2.00  1.86  0.76 -0.70 -0.78 -0.70 
ARG TRP 8
 2.00  2.00  2.00  0.13  0.13 -0.56 -1.25 
HIS GLY 34
 2.00  1.58  2.00  1.58 -0.62 -1.36  0.19 
HIS ALA 40
 2.00  2.00  2.00  0.36 -0.82 -1.09 -0.05 
HIS SER 28
 2.00  2.00  2.00  1.39 -1.10 -1.10  0.29 
HIS CYS 12
 2.00  2.00  2.00  0.54 -0.56 -1.25 -0.15 
HIS VAL 41
 2.00  2.00  2.00  0.67 -0.72 -1.07 -0.43 
HIS THR 21
 2.00  2.00  2.00  0.41 -0.51 -1.20 -0.29 
HIS ILE 20
 2.00  1.05  2.00  1.05 -1.25 -0.05 -0.56 
HIS PRO 4
 2.00  2.00  2.00  2.00  2.00 -1.66 -0.56 
HIS MET 8
 2.00  2.00  2.00  0.13 -0.56 -1.25  0.13 
HIS ASP 15
 2.00  2.00  0.76  0.76  0.07 -1.54  0.76 
HIS ASN 12
 2.00  2.00  2.00  0.54 -1.41 -0.56  0.54 
HIS LEU 44
 2.00  1.84  2.00  0.74 -0.56 -1.11 -0.46 
HIS LYS 17
 2.00  2.00  2.00  2.00 -0.50 -0.90 -1.06 
HIS GLU 24
 2.00  2.00  2.00  1.23 -0.71 -0.71 -0.97 
HIS GLN 18
 2.00  2.00  2.00  0.94 -0.66 -0.85 -0.85 
HIS ARG 12
 2.00  2.00 -0.15  2.00  0.54 -1.07 -0.85 
HIS HIS 9
 2.00  2.00  2.00 -0.85 -0.85 -0.85  2.00 
HIS PHE 20
 2.00  2.00  2.00 -0.05 -0.05 -1.03 -0.74 
HIS TYR 11
 2.00  0.45  2.00 -0.24 -0.65 -0.65 -0.24 
HIS TRP 7
 2.00  2.00  0.00  0.00  0.00 -1.10  0.00 
PHE GLY 61
 2.00  2.00  2.00  0.37 -1.17 -1.05  1.47 
PHE ALA 54
 2.00  2.00  2.00  1.35 -1.00 -1.05 -0.04 
PHE SER 61
 2.00  2.00  2.00  0.56 -0.83 -0.97 -0.32 
PHE CYS 16
 2.00  2.00  0.13 -0.27 -0.56 -0.78  0.13 
PHE VAL 70
 2.00  2.00  2.00 -0.53 -0.74 -0.74  0.22 
PHE THR 51
 2.00  2.00  1.29  0.19 -0.72 -0.90 -0.32 
PHE ILE 40
 2.00  2.00  2.00  0.13 -1.25 -0.74  0.64 
PHE PRO 21
 2.00  2.00  2.00 -0.29 -0.69 -0.98  0.00 
PHE MET 17
 2.00  2.00  0.89  0.89 -0.90 -0.90 -0.21 
PHE ASP 48
 2.00  2.00  2.00  0.83 -0.71 -1.02 -0.56 
PHE ASN 33
 2.00  2.00  2.00  2.00 -0.06 -1.34 -0.75 
PHE LEU 63
 2.00  2.00  2.00 -0.11 -0.89 -0.75 -0.20 
PHE LYS 43
 2.00  2.00  1.82  0.43 -0.13 -1.08 -0.75 
PHE GLU 34
 2.00  2.00  2.00  1.58 -0.50 -1.31 -0.37 
PHE GLN 25
 2.00  2.00  2.00  0.17  0.17 -0.92 -1.03 
PHE ARG 41
 2.00  2.00  2.00  1.07 -0.18 -0.87 -1.12 
PHE HIS 27
 2.00  2.00  2.00  0.25 -0.26 -1.29 -0.26 
PHE PHE 43
 2.00  2.00  2.00 -0.49 -0.96 -0.49 -0.13 
PHE TYR 35
 2.00  2.00  2.00 -0.18 -0.47 -1.10 -0.18 
PHE TRP 12
 2.00  2.00  2.00  0.54 -1.25 -0.56 -0.15 
TYR GLY 58
 2.00  2.00  1.42  0.51 -0.93 -0.78 -0.37 
TYR ALA 48
 2.00  2.00  1.93 -0.27 -0.38 -1.12 -0.02 
TYR SER 44
 1.84  2.00  2.00  1.15 -0.36 -1.05 -0.80 
TYR CYS 18
 2.00  2.00  0.94  0.25 -0.44 -0.44 -1.00 
TYR VAL 97
 2.00  2.00  2.00  0.68 -0.32 -1.08 -0.70 
TYR THR 45
 2.00  2.00  1.86 -0.09 -0.09 -0.91 -0.78 
TYR ILE 49
 2.00  2.00  1.95  0.56 -0.25 -1.10 -0.69 
TYR PRO 21
 2.00  2.00  1.10 -0.29 -0.69 -0.98  0.41 
TYR MET 10
 2.00  2.00  2.00  0.36 -0.74 -1.25  0.36 
TYR ASP 47
 2.00  2.00  2.00  0.11 -0.18 -0.87 -0.93 
TYR ASN 40
 2.00  2.00  2.00  1.05 -0.65 -0.74 -0.97 
TYR LEU 50
 1.97  2.00  1.27  0.36 -0.52 -0.60 -0.87 
TYR LYS 27
 2.00  2.00  2.00  2.00 -0.60 -1.22 -0.60 
TYR GLU 44
 2.00  2.00  1.84  0.74 -0.36 -1.05 -0.73 
TYR GLN 20
 2.00  2.00  0.36 -0.34  1.05 -0.34 -1.15 
TYR ARG 37
 2.00  2.00  1.67  0.57 -0.28 -0.73 -1.04 
TYR HIS 11
 2.00  2.00  2.00  0.45 -0.24 -0.93 -0.93 
TYR PHE 48
 2.00  2.00  2.00 -0.02  0.13 -1.07 -0.78 
TYR TYR 39
 2.00  2.00  2.00 -0.07 -0.36 -0.68 -0.92 
TYR TRP 13
 2.00  2.00  2.00 -0.48 -0.07 -0.99 -0.48 
TRP GLY 19
 2.00  2.00  2.00  0.31 -1.30 -0.95  2.00 
TRP ALA 20
 2.00  2.00  2.00  0.36 -1.15 -0.74 -0.05 
TRP SER 18
 2.00  2.00  2.00  0.94 -1.00 -0.85 -0.44 
TRP CYS 11
 2.00  2.00  2.00  2.00 -0.93 -0.93 -0.65 
TRP VAL 21
 2.00  2.00  2.00 -0.29 -0.85 -1.10  1.10 
TRP THR 21
 2.00  2.00  2.00  1.10 -0.98 -1.20  0.41 
TRP ILE 12
 2.00  2.00  2.00  2.00 -1.07 -1.07 -0.15 
TRP PRO 9
 2.00  0.25  0.25  2.00 -1.13 -0.85  2.00 
TRP MET 3
 2.00  2.00  2.00 -0.85 -1.54  2.00  2.00 
TRP ASP 16
 2.00  2.00  2.00  0.13 -0.27 -0.97 -0.78 
TRP ASN 17
 2.00  2.00  2.00  0.19 -0.90 -1.06  0.19 
TRP LEU 22
 2.00  2.00  2.00  1.15  0.05 -1.49 -0.24 
TRP LYS 18
 2.00  2.00  2.00  0.25 -0.66 -0.66 -0.85 
TRP GLU 10
 2.00  2.00  0.36 -0.34 -0.34  0.36 -1.03 
TRP GLN 6
 2.00  2.00  2.00 -0.15  2.00 -1.54 -0.15 
TRP ARG 12
 2.00  2.00  2.00  2.00  0.54 -0.56 -1.54 
TRP HIS 6
 2.00  2.00  2.00 -0.15 -0.15 -0.85 -0.85 
TRP PHE 15
 2.00  2.00  0.76 -0.34 -1.18 -0.34  0.76 
TRP TYR 14
 2.00  2.00  2.00  2.00  0.00 -1.25 -0.92 
TRP TRP 4
 2.00  2.00  2.00 -0.56 -0.56 -0.56 -0.56 
