##### ri,i+1 #####
GLY GLY 55
-1.61  2.00  2.00  2.00  2.00 
GLY ALA 153
-1.61  2.00  2.00  2.00  2.00 
GLY SER 58
-0.68 -1.10  2.00  2.00  2.00 
GLY CYS 22
-0.60 -1.16  2.00  2.00  2.00 
GLY VAL 116
 2.00 -1.60  2.00  2.00  2.00 
GLY THR 72
 1.28 -1.55  2.00  2.00  2.00 
GLY ILE 98
 2.00 -1.61  2.00  2.00  2.00 
GLY PRO 27
-1.61  2.00  2.00  2.00  2.00 
GLY MET 52
 2.00 -0.88 -0.95  2.00  2.00 
GLY ASP 58
 2.00 -1.42  0.15  2.00  2.00 
GLY ASN 32
 2.00 -1.48  0.47  2.00  2.00 
GLY LEU 167
 2.00 -1.07 -0.74  2.00  2.00 
GLY LYS 73
 2.00  0.20 -1.21  0.28  2.00 
GLY GLU 94
 1.55 -0.50 -1.14  2.00  2.00 
GLY GLN 71
 2.00 -0.64 -1.13  2.00  2.00 
GLY ARG 67
 2.00  1.90 -0.81 -0.87  1.90 
GLY HIS 32
 2.00 -1.14 -0.63  2.00  2.00 
GLY PHE 73
 1.99 -0.26  0.12 -0.98  2.00 
GLY TYR 53
 1.67  0.41 -0.20 -1.07  2.00 
GLY TRP 22
 2.00  1.48 -0.46 -1.16  2.00 
ALA GLY 149
-1.61  2.00  2.00  2.00  2.00 
ALA ALA 599
-0.42 -1.25  2.00  2.00  2.00 
ALA SER 227
 0.68 -1.50  2.00  2.00  2.00 
ALA CYS 59
 0.86 -1.52  2.00  2.00  2.00 
ALA VAL 310
 2.00 -1.60  2.00  2.00  2.00 
ALA THR 166
 1.42 -1.56  2.00  2.00  2.00 
ALA ILE 285
 2.00 -1.57  1.74  2.00  2.00 
ALA PRO 26
-1.61  2.00  2.00  2.00  2.00 
ALA MET 135
 2.00 -0.75 -1.03  2.00  2.00 
ALA ASP 186
 2.00 -1.39  0.09  2.00  2.00 
ALA ASN 136
 1.36 -1.24 -0.25  2.00  2.00 
ALA LEU 530
 2.00 -1.19 -0.52  2.00  2.00 
ALA LYS 305
 2.00  0.33 -0.96 -0.45  2.00 
ALA GLU 341
 1.23 -0.28 -1.12  1.18  2.00 
ALA GLN 219
 2.00 -0.11 -1.26  1.38  2.00 
ALA ARG 266
 2.00  1.78 -0.67 -0.85  0.76 
ALA HIS 75
 1.32 -0.55  1.32 -1.01  2.00 
ALA PHE 184
 2.00 -0.29  1.04 -1.17  2.00 
ALA TYR 143
 2.00  0.52  0.18 -1.23  2.00 
ALA TRP 67
 1.50  1.21 -0.35 -0.66 -0.11 
SER GLY 60
-1.10 -0.69  2.00  2.00  2.00 
SER ALA 208
 0.96 -1.53  2.00  2.00  2.00 
SER SER 87
 0.66 -1.41  0.91  2.00  2.00 
SER CYS 13
 2.00 -1.44  0.26  2.00  2.00 
SER VAL 120
 2.00 -1.19 -0.49  2.00  2.00 
SER THR 70
 2.00 -1.35 -0.07  2.00  2.00 
SER ILE 118
 2.00 -0.85 -0.98  2.00  2.00 
SER PRO 13
-0.99 -0.84  2.00  2.00  2.00 
SER MET 55
 2.00 -0.09 -1.21  0.79  2.00 
SER ASP 83
 1.42 -1.35  0.10  2.00  2.00 
SER ASN 52
 0.96 -1.21 -0.22  2.00  2.00 
SER LEU 209
 2.00 -0.85 -0.89  1.79  2.00 
SER LYS 85
 2.00 -0.11 -0.88 -0.30  2.00 
SER GLU 112
 1.16 -0.32 -0.86  0.06  2.00 
SER GLN 80
 1.39 -0.49 -1.06  1.39  2.00 
SER ARG 72
 1.97  0.72 -0.80 -0.51  0.72 
SER HIS 39
 0.44 -0.25 -0.03 -0.72  2.00 
SER PHE 75
 2.00  0.22  0.14 -0.82  0.07 
SER TYR 77
 2.00 -0.16  0.17 -0.26 -0.44 
SER TRP 42
 2.00  1.03 -0.36  0.05 -0.76 
CYS GLY 15
 0.00 -1.39  2.00  2.00  2.00 
CYS ALA 41
 2.00 -1.58  2.00  2.00  2.00 
CYS SER 18
 2.00 -1.20 -0.51  2.00  2.00 
CYS CYS 4
 2.00 -1.32 -0.22  2.00  2.00 
CYS VAL 27
 2.00 -0.88 -0.95  2.00  2.00 
CYS THR 20
 2.00 -1.10 -0.69  2.00  2.00 
CYS ILE 22
 2.00 -0.60 -1.16  2.00  2.00 
CYS PRO 2
-0.92 -0.92  2.00  2.00  2.00 
CYS MET 8
 2.00  0.47 -0.63 -0.92  2.00 
CYS ASP 24
 1.57 -0.63 -0.83  0.47  2.00 
CYS ASN 17
 2.00 -0.57 -0.72 -0.16  2.00 
CYS LEU 42
 2.00 -0.51 -0.96  0.34  2.00 
CYS LYS 29
 2.00  1.06 -0.54 -0.95  1.06 
CYS GLU 31
 2.00  1.82 -0.95 -0.81  2.00 
CYS GLN 30
 2.00  0.00 -1.15  0.18  2.00 
CYS ARG 34
 2.00  2.00  0.13 -1.08 -0.16 
CYS HIS 13
 2.00 -0.99 -0.43  0.26  2.00 
CYS PHE 16
 0.06 -0.45  0.06  0.06  0.47 
CYS TYR 12
 2.00  0.88 -0.22  0.18 -0.92 
CYS TRP 3
 2.00 -0.51 -1.20  2.00  2.00 
VAL GLY 99
 0.04 -1.40  2.00  2.00  2.00 
VAL ALA 331
 2.00 -1.61  2.00  2.00  2.00 
VAL SER 122
 2.00 -1.33 -0.17  2.00  2.00 
VAL CYS 26
 2.00 -1.49  0.55  2.00  2.00 
VAL VAL 160
 2.00 -0.72 -1.08  2.00  2.00 
VAL THR 99
 2.00 -1.11 -0.68  2.00  2.00 
VAL ILE 97
 2.00 -0.33 -1.28  2.00  2.00 
VAL PRO 33
-0.06 -1.37  2.00  2.00  2.00 
VAL MET 78
 2.00 -0.03 -1.04 -0.14  2.00 
VAL ASP 117
 2.00 -1.12 -0.51  1.36  2.00 
VAL ASN 109
 2.00 -1.26 -0.38  2.00  2.00 
VAL LEU 243
 2.00 -0.73 -1.04  2.00  2.00 
VAL LYS 163
 2.00  1.09 -0.71 -0.83  1.18 
VAL GLU 207
 2.00  0.17 -0.93 -0.47  2.00 
VAL GLN 118
 2.00  0.03 -1.01 -0.24  2.00 
VAL ARG 152
 2.00  1.62 -0.27 -0.93  0.05 
VAL HIS 49
 1.18 -0.49 -0.02 -0.71  2.00 
VAL PHE 89
 1.27 -0.34 -0.26 -0.17  0.17 
VAL TYR 65
 1.87 -0.27  0.62  1.87 -1.05 
VAL TRP 31
 2.00  0.03  0.73  0.22 -1.01 
THR GLY 58
-0.03 -1.38  2.00  2.00  2.00 
THR ALA 221
 2.00 -1.61  2.00  2.00  2.00 
THR SER 69
 2.00 -1.47  0.55  2.00  2.00 
THR CYS 21
 2.00 -1.34 -0.17  2.00  2.00 
THR VAL 120
 2.00 -0.83 -1.00  2.00  2.00 
THR THR 75
 2.00 -1.10 -0.69  2.00  2.00 
THR ILE 98
 2.00 -0.66 -1.12  2.00  2.00 
THR PRO 24
 0.47 -1.48  2.00  2.00  2.00 
THR MET 48
 2.00  0.65 -1.38  0.65  2.00 
THR ASP 70
 1.95 -1.05 -0.69  2.00  2.00 
THR ASN 58
 2.00 -1.16 -0.59  2.00  2.00 
THR LEU 205
 2.00 -0.59 -1.10  1.63  2.00 
THR LYS 80
 2.00  0.29 -0.66 -0.78  2.00 
THR GLU 123
 2.00 -0.06 -0.84 -0.41  2.00 
THR GLN 65
 2.00 -0.27 -1.02  0.17  2.00 
THR ARG 85
 2.00  2.00 -0.06 -0.97 -0.16 
THR HIS 36
 1.28 -0.51  0.18 -0.80  2.00 
THR PHE 81
 1.18  0.22  0.15 -0.90  0.59 
THR TYR 57
 0.82  0.04 -0.13  2.00 -0.86 
THR TRP 39
 2.00  0.67  0.11  1.36 -1.20 
ILE GLY 101
 2.00 -1.60  2.00  2.00  2.00 
ILE ALA 284
 2.00 -1.26 -0.39  2.00  2.00 
ILE SER 138
 2.00 -0.57 -1.17  2.00  2.00 
ILE CYS 24
 2.00 -1.00 -0.83  2.00  2.00 
ILE VAL 145
 2.00  0.97 -1.53  2.00  2.00 
ILE THR 94
 2.00 -0.20 -1.33  2.00  2.00 
ILE ILE 114
 2.00  1.52 -1.56  2.00  2.00 
ILE PRO 36
 2.00 -1.61  2.00  2.00  2.00 
ILE MET 49
 2.00  0.20 -1.12 -0.12  2.00 
ILE ASP 124
 2.00 -0.22 -1.15  0.50  2.00 
ILE ASN 104
 2.00 -0.43 -0.97  0.20  2.00 
ILE LEU 203
 2.00  0.34 -1.15 -0.12  2.00 
ILE LYS 160
 2.00  1.39 -0.49 -0.63 -0.22 
ILE GLU 171
 2.00  0.54 -0.63 -0.81  1.23 
ILE GLN 111
 2.00  0.80 -0.73 -0.87  2.00 
ILE ARG 133
 2.00  1.08  0.45 -0.65 -0.74 
ILE HIS 36
 1.97  0.18 -0.11 -0.33 -0.42 
ILE PHE 80
 2.00 -0.27 -0.52  1.16 -0.49 
ILE TYR 56
 1.72 -0.07 -0.36  2.00 -0.80 
ILE TRP 35
 2.00  0.56 -0.25  0.15 -0.83 
PRO GLY 30
-0.29 -1.30  2.00  2.00  2.00 
PRO ALA 92
 2.00 -1.61  2.00  2.00  2.00 
PRO SER 44
 2.00 -1.59  2.00  2.00  2.00 
PRO CYS 9
 2.00 -1.36 -0.11  2.00  2.00 
PRO VAL 42
 2.00 -1.13 -0.64  2.00  2.00 
PRO THR 36
 2.00 -1.49  0.59  2.00  2.00 
PRO ILE 42
 2.00 -0.92 -0.92  2.00  2.00 
PRO PRO 6
-1.43  0.18  2.00  2.00  2.00 
PRO MET 16
 2.00 -0.45 -1.23  2.00  2.00 
PRO ASP 43
 2.00 -1.43  0.21  2.00  2.00 
PRO ASN 16
 2.00 -1.48  0.47  2.00  2.00 
PRO LEU 91
 2.00 -0.62 -1.11  2.00  2.00 
PRO LYS 33
 2.00  0.28 -0.51 -0.95  2.00 
PRO GLU 120
-0.22 -0.61 -0.08  0.18  2.00 
PRO GLN 35
 0.56 -0.25 -0.76  0.00  2.00 
PRO ARG 33
 2.00  1.19 -0.82 -0.31 -0.06 
PRO HIS 20
 1.39 -0.69  0.69 -0.81  2.00 
PRO PHE 37
 2.00  0.21  0.90 -0.89 -0.20 
PRO TYR 28
 1.72 -0.22  0.11  0.62 -0.76 
PRO TRP 13
 2.00  0.26 -0.43  2.00 -0.99 
MET GLY 51
 1.63 -0.97 -0.77  2.00  2.00 
MET ALA 132
 2.00  0.71 -1.50  2.00  2.00 
MET SER 37
 2.00  1.31 -1.33  0.06  2.00 
MET CYS 13
 2.00 -0.14 -1.12  0.26  2.00 
MET VAL 68
 2.00  0.13 -0.79 -0.65  2.00 
MET THR 56
 2.00  1.03 -1.25 -0.15  2.00 
MET ILE 63
 2.00  0.14 -0.72 -0.72  2.00 
MET PRO 13
 2.00 -1.35 -0.14  2.00  2.00 
MET MET 30
 2.00  0.69 -0.51 -0.77  0.41 
MET ASP 48
 2.00  1.57 -1.07 -0.57  2.00 
MET ASN 42
 2.00  0.52 -0.76 -0.70  1.44 
MET LEU 129
 2.00 -0.15 -0.44 -0.72  1.46 
MET LYS 88
 2.00  2.00  0.30 -0.74 -0.74 
MET GLU 78
 2.00  1.36  0.55 -0.89 -0.51 
MET GLN 37
 2.00  1.31  0.06 -0.89 -0.30 
MET ARG 64
 2.00  1.86  1.45 -0.54 -1.06 
MET HIS 22
 1.48  0.79 -0.13 -0.31 -0.60 
MET PHE 36
 1.28  0.03  0.59  0.88 -1.02 
MET TYR 24
 1.57  0.88  0.47 -0.22 -0.92 
MET TRP 16
 0.47  0.06  2.00 -0.22 -0.78 
ASP GLY 57
 0.49 -1.26  0.13  2.00  2.00 
ASP ALA 227
 2.00  0.03 -1.37  2.00  2.00 
ASP SER 79
 2.00  0.46 -1.47  2.00  2.00 
ASP CYS 20
 2.00 -0.22 -0.92 -0.22  2.00 
ASP VAL 131
 2.00  0.32 -1.36  1.07  2.00 
ASP THR 88
 2.00  1.08 -1.48  1.48  2.00 
ASP ILE 136
 2.00  0.47 -0.93 -0.61  2.00 
ASP PRO 12
 0.88 -1.43  0.88  2.00  2.00 
ASP MET 52
 2.00  2.00 -0.65 -1.06  2.00 
ASP ASP 80
 2.00  0.69 -1.35  0.58  2.00 
ASP ASN 56
 1.32 -0.42 -0.99  0.62  2.00 
ASP LEU 221
 2.00  0.96 -0.75 -0.86  2.00 
ASP LYS 106
 2.00  0.57  0.35 -0.84 -0.28 
ASP GLU 161
 2.00  0.70 -0.27 -0.93  0.48 
ASP GLN 74
 2.00  0.50 -0.14 -1.02  0.90 
ASP ARG 74
 2.00  1.31  0.62 -0.30 -1.02 
ASP HIS 31
 1.82  0.22 -0.12  0.03 -0.66 
ASP PHE 100
 2.00  1.61  0.22  0.00 -1.08 
ASP TYR 83
 2.00  0.61  0.10  1.42 -1.20 
ASP TRP 37
 2.00  2.00  0.62 -0.20 -1.13 
ASN GLY 39
 0.96 -1.20 -0.25  2.00  2.00 
ASN ALA 159
 2.00  0.06 -1.38  2.00  2.00 
ASN SER 60
 2.00  0.00 -1.37  2.00  2.00 
ASN CYS 14
 2.00  1.03 -1.46  1.03  2.00 
ASN VAL 71
 2.00  0.46 -1.20 -0.05  2.00 
ASN THR 67
 2.00 -0.11 -1.25  0.99  2.00 
ASN ILE 77
 2.00  0.65 -0.85 -0.73  2.00 
ASN PRO 10
 2.00 -1.50  0.69  2.00  2.00 
ASN MET 45
 2.00  0.59 -0.37 -1.02  1.50 
ASN ASP 43
 2.00  0.07 -1.22  0.36  2.00 
ASN ASN 32
 2.00 -0.63 -1.14  2.00  2.00 
ASN LEU 138
 2.00  0.92 -0.74 -0.90  2.00 
ASN LYS 71
 2.00  1.27  0.09 -0.71 -0.57 
ASN GLU 98
 2.00  0.90 -0.61 -0.52 -0.02 
ASN GLN 58
 2.00  1.76 -0.32 -0.95  0.15 
ASN ARG 74
 2.00  1.60  0.50 -0.77 -0.67 
ASN HIS 28
 2.00  0.11 -0.07 -0.36 -0.47 
ASN PHE 65
 2.00  1.47  0.37  0.17 -1.17 
ASN TYR 47
 2.00  0.85  0.63  0.29 -1.19 
ASN TRP 16
 2.00  0.47  0.47  0.06 -1.03 
LEU GLY 154
 1.82 -1.34 -0.01  2.00  2.00 
LEU ALA 489
 2.00 -0.50 -1.21  2.00  2.00 
LEU SER 192
 2.00  0.39 -1.40  1.35  2.00 
LEU CYS 56
 2.00 -0.29 -1.14  0.62  2.00 
LEU VAL 217
 2.00  0.34 -1.32  0.63  2.00 
LEU THR 198
 2.00  0.59 -1.38  0.73  2.00 
LEU ILE 202
 2.00  1.13 -1.25 -0.17  2.00 
LEU PRO 64
 1.86 -1.46  0.60  2.00  2.00 
LEU MET 129
 2.00  0.25 -0.62 -0.79  1.86 
LEU ASP 210
 2.00  0.24 -1.12 -0.13  2.00 
LEU ASN 160
 2.00  0.00 -1.01 -0.22  2.00 
LEU LEU 436
 2.00  0.14 -0.94 -0.43  2.00 
LEU LYS 311
 2.00  1.73  0.52 -0.96 -0.47 
LEU GLU 350
 2.00  0.66 -0.06 -0.96  0.21 
LEU GLN 180
 2.00  1.28 -0.25 -1.08  0.69 
LEU ARG 274
 2.00  2.00  1.23 -0.60 -1.01 
LEU HIS 75
 2.00  0.63 -0.29 -0.18 -0.66 
LEU PHE 136
 2.00 -0.13  0.17  0.60 -0.87 
LEU TYR 125
 1.27  0.73  0.65  0.39 -1.11 
LEU TRP 44
 2.00  2.00  0.57  0.23 -1.23 
LYS GLY 52
 2.00 -0.49 -1.18  2.00  2.00 
LYS ALA 288
 2.00  0.25 -0.92 -0.47  2.00 
LYS SER 117
 1.77  0.96 -0.92 -0.63  2.00 
LYS CYS 16
 2.00  2.00 -0.92 -0.78  1.16 
LYS VAL 128
 2.00  0.60 -0.09 -1.20  2.00 
LYS THR 107
 2.00  1.12 -0.81 -0.83  2.00 
LYS ILE 143
 2.00  0.87 -0.17 -1.14  1.27 
LYS PRO 23
 1.53 -1.11 -0.55  2.00  2.00 
LYS MET 67
 2.00  2.00  0.29 -0.87 -0.54 
LYS ASP 149
 0.91  0.22 -0.65 -0.41  1.00 
LYS ASN 83
 0.61 -0.37 -0.33 -0.14  0.73 
LYS LEU 251
 2.00  0.48  0.02 -0.83 -0.07 
LYS LYS 162
 2.00  0.91  0.39 -0.56 -0.73 
LYS GLU 243
 1.94  0.39 -0.16 -0.41 -0.41 
LYS GLN 137
 2.00  0.54 -0.02 -0.45 -0.56 
LYS ARG 131
 2.00  1.66  0.43 -0.07 -1.13 
LYS HIS 46
-0.08 -0.49  0.43  0.61 -0.08 
LYS PHE 86
 1.24  0.36  0.90  0.45 -1.09 
LYS TYR 80
-0.17  0.29  1.16  1.39 -0.92 
LYS TRP 31
 0.73  1.13  0.73  1.82 -1.27 
GLU GLY 93
 2.00 -0.84 -0.97  2.00  2.00 
GLU ALA 414
 2.00  0.17 -1.39  2.00  2.00 
GLU SER 101
 2.00  0.44 -1.24  0.17  2.00 
GLU CYS 33
 2.00  0.10 -1.16  0.10  2.00 
GLU VAL 205
 2.00  0.58 -0.78 -0.81  2.00 
GLU THR 148
 2.00  0.30 -1.05 -0.28  2.00 
GLU ILE 192
 2.00  1.25 -0.79 -0.92  2.00 
GLU PRO 21
 0.74 -0.36 -1.13  2.00  2.00 
GLU MET 88
 2.00  2.00 -0.27 -0.96  0.03 
GLU ASP 129
 2.00  0.11 -1.04  0.03  1.46 
GLU ASN 107
 1.96 -0.07 -0.74 -0.37  1.45 
GLU LEU 349
 2.00  0.81 -0.45 -0.90  0.63 
GLU LYS 250
 2.00  0.78 -0.02 -0.44 -0.61 
GLU GLU 243
 2.00  0.94 -0.19 -0.71 -0.23 
GLU GLN 124
 2.00  0.65  0.12 -0.96  0.03 
GLU ARG 186
 2.00  1.13  1.54 -0.62 -0.94 
GLU HIS 50
 1.20 -0.18 -0.18  0.11 -0.34 
GLU PHE 115
 1.75  0.57  0.50  0.83 -1.17 
GLU TYR 119
 1.22  0.87  0.60  0.34 -1.11 
GLU TRP 47
 1.55  2.00  0.85  0.29 -1.26 
GLN GLY 59
 2.00 -0.71 -1.09  2.00  2.00 
GLN ALA 246
 2.00  0.60 -1.43  1.82  2.00 
GLN SER 63
 2.00  1.84 -1.34  0.05  2.00 
GLN CYS 12
 2.00  2.00 -1.32 -0.22  2.00 
GLN VAL 115
 2.00  1.34 -0.63 -1.05  2.00 
GLN THR 73
 2.00  0.89 -0.96 -0.69  2.00 
GLN ILE 121
 2.00  2.00 -0.60 -1.12  2.00 
GLN PRO 15
 1.10 -0.85 -0.85  2.00  2.00 
GLN MET 48
 2.00  0.88 -0.30 -0.96  0.47 
GLN ASP 84
 2.00  0.42 -1.19  0.05  2.00 
GLN ASN 56
 2.00 -0.15 -0.95  0.02  1.32 
GLN LEU 194
 2.00  1.09 -0.40 -0.83  0.16 
GLN LYS 129
 2.00  1.46 -0.01 -0.56 -0.66 
GLN GLU 142
 2.00  0.78 -0.29 -0.71 -0.12 
GLN GLN 98
 2.00  1.03 -0.36 -0.69 -0.12 
GLN ARG 100
 2.00  1.20  1.05 -0.50 -0.99 
GLN HIS 36
 1.28  0.18 -0.11 -0.11 -0.51 
GLN PHE 68
 1.51  1.22  1.00  0.05 -1.15 
GLN TYR 58
 1.06  1.06  0.15  0.25 -0.98 
GLN TRP 36
 1.97  0.88  1.28  0.03 -1.16 
ARG GLY 50
 2.00  0.69 -0.99 -0.59  2.00 
ARG ALA 232
 2.00  2.00 -0.38 -1.02  0.58 
ARG SER 89
 2.00  1.27 -0.34 -0.81  0.05 
ARG CYS 19
 0.64  1.34 -0.05 -0.61 -0.27 
ARG VAL 111
 2.00  0.70  0.16 -0.85 -0.23 
ARG THR 79
 2.00  0.68 -0.01 -0.67 -0.42 
ARG ILE 129
 2.00  0.85  0.69 -0.89 -0.46 
ARG PRO 11
 0.10  0.79 -0.82 -0.31  2.00 
ARG MET 69
 2.00  1.02  0.55 -0.37 -0.96 
ARG ASP 134
 0.11  0.20 -0.21 -0.30  0.34 
ARG ASN 67
 1.50  0.65 -0.62 -0.45  0.20 
ARG LEU 217
 1.98  0.51  0.68 -0.49 -0.75 
ARG LYS 115
 2.00  0.57  0.83 -0.36 -0.92 
ARG GLU 193
 1.26  1.17  0.02 -0.22 -0.78 
ARG GLN 125
 2.00  0.51  0.73 -0.28 -0.92 
ARG ARG 110
 2.00  1.70  0.38  0.32 -1.23 
ARG HIS 48
 0.88  0.32  0.47  0.18 -0.87 
ARG PHE 82
 1.70  2.00  0.40  0.49 -1.25 
ARG TYR 77
 0.43  0.54  0.43  0.94 -1.00 
ARG TRP 30
 1.10  1.10  0.18  0.00 -0.92 
HIS GLY 27
 0.99 -1.09 -0.51  2.00  2.00 
HIS ALA 60
 1.79 -0.65 -0.08 -0.61  2.00 
HIS SER 33
 2.00  0.10 -0.31 -1.00  2.00 
HIS CYS 12
 2.00 -0.51 -0.22 -0.73  2.00 
HIS VAL 53
 2.00 -0.04 -0.12 -1.01  2.00 
HIS THR 35
 1.95  0.34 -0.54 -0.89  2.00 
HIS ILE 37
 2.00  0.62 -0.40 -1.09  2.00 
HIS PRO 5
 0.00 -0.69 -0.69  2.00  2.00 
HIS MET 22
 2.00  1.48 -0.31 -0.82 -0.13 
HIS ASP 32
 2.00 -0.22 -0.54 -0.22  0.25 
HIS ASN 22
 1.48 -1.00 -0.13  0.38  1.48 
HIS LEU 87
 1.76  0.46  0.02 -0.58 -0.36 
HIS LYS 38
 2.00  0.93  0.42 -0.27 -0.92 
HIS GLU 61
 2.00 -0.21 -0.14  0.10 -0.49 
HIS GLN 27
 2.00  0.30 -0.11 -0.26 -0.62 
HIS ARG 33
 2.00  1.19  0.79  0.10 -1.20 
HIS HIS 23
 1.53  0.14 -0.27 -0.08 -0.42 
HIS PHE 40
 2.00  0.29 -0.12  0.69 -0.92 
HIS TYR 27
 0.99 -0.11  2.00  0.59 -1.09 
HIS TRP 12
 0.88  2.00 -0.51  0.88 -0.92 
PHE GLY 58
 1.35 -0.77 -0.11 -0.38  2.00 
PHE ALA 160
 2.00 -0.32 -0.27 -0.84  2.00 
PHE SER 84
 2.00 -0.12 -0.40 -0.76  1.44 
PHE CYS 17
 2.00 -1.08  0.13  0.13  1.22 
PHE VAL 90
 2.00  0.18 -0.85 -0.25  0.59 
PHE THR 79
 2.00  0.56 -0.80 -0.50  0.68 
PHE ILE 90
 2.00  0.49 -0.80  0.18 -0.29 
PHE PRO 16
 2.00 -1.23  0.06  0.47  2.00 
PHE MET 42
 2.00 -0.58 -0.17  0.52 -0.27 
PHE ASP 83
 2.00 -0.24 -0.14 -0.62  0.32 
PHE ASN 60
 2.00 -0.35 -0.15 -0.61  0.69 
PHE LEU 183
 2.00 -0.53 -0.16 -0.31  0.30 
PHE LYS 85
 2.00  0.89  0.44 -0.11 -1.04 
PHE GLU 124
 2.00  0.73 -0.29 -0.16 -0.68 
PHE GLN 70
 2.00  0.24 -0.19 -0.19 -0.58 
PHE ARG 77
 2.00  2.00  0.79 -0.21 -1.14 
PHE HIS 28
 1.72 -0.22  0.62  0.11 -0.76 
PHE PHE 70
 2.00 -0.86  0.24  0.56 -0.25 
PHE TYR 63
 1.84 -0.69  0.59  0.59 -0.56 
PHE TRP 29
 2.00 -0.88  2.00  0.37 -0.64 
TYR GLY 47
 2.00 -0.70  0.45 -0.85  2.00 
TYR ALA 140
 2.00  0.29 -0.83 -0.56  1.95 
TYR SER 60
 2.00  0.54 -0.92  0.09  0.09 
TYR CYS 26
 2.00 -0.30 -0.14 -0.75  0.96 
TYR VAL 79
 2.00  0.56 -0.90  0.20 -0.07 
TYR THR 58
 2.00  0.84 -0.73  0.84 -0.68 
TYR ILE 76
 2.00  0.78 -0.68  0.16 -0.50 
TYR PRO 18
-0.33  0.59 -0.11 -0.66  2.00 
TYR MET 27
 2.00  0.30 -0.51  1.69 -0.88 
TYR ASP 63
 2.00  0.14 -0.51  0.05 -0.36 
TYR ASN 57
 2.00 -0.66 -0.51  0.64  0.13 
TYR LEU 155
 2.00 -0.35 -0.63  0.54  0.00 
TYR LYS 71
 2.00  0.86  1.04 -0.24 -1.06 
TYR GLU 95
 2.00  0.46  0.11 -0.15 -0.82 
TYR GLN 67
 1.50  0.52 -0.35  0.29 -0.70 
TYR ARG 66
 1.48  0.79  2.00 -0.31 -1.06 
TYR HIS 20
 0.69 -0.22  0.29  0.69 -0.69 
TYR PHE 63
 2.00 -0.60  0.59  0.59 -0.69 
TYR TYR 56
 2.00 -0.88  1.03  2.00 -0.76 
TYR TRP 18
 2.00 -0.66  1.28  1.28 -0.92 
TRP GLY 26
 0.96  0.55 -0.65 -0.75  2.00 
TRP ALA 69
 1.02 -0.21  0.06 -0.51  0.23 
TRP SER 23
 1.53  0.14 -0.08 -0.27 -0.42 
TRP CYS 3
 2.00 -1.20  2.00  2.00 -0.51 
TRP VAL 30
 2.00  0.41 -0.77 -0.41  0.41 
TRP THR 33
 1.89  0.28  0.28 -0.31 -0.68 
TRP ILE 27
 2.00  0.08 -0.39  0.08 -0.51 
TRP PRO 7
 2.00 -0.36 -1.05  0.34  2.00 
TRP MET 13
 0.96  0.96 -0.43  0.26 -0.65 
TRP ASP 29
 2.00  0.66 -0.32 -0.19 -0.64 
TRP ASN 35
 1.25  0.56 -0.25  0.00 -0.62 
TRP LEU 77
 1.35 -0.21 -0.36  0.03 -0.10 
TRP LYS 50
 2.00  1.20  0.92  0.00 -1.16 
TRP GLU 48
 1.57  1.16 -0.14  0.06 -0.87 
TRP GLN 48
 1.16  0.88 -0.22  0.32 -0.83 
TRP ARG 32
 0.76  0.76  1.16  0.76 -1.19 
TRP HIS 18
 2.00 -0.11  1.28  0.18 -1.02 
TRP PHE 23
 2.00 -0.27 -0.42 -0.08 -0.08 
TRP TYR 19
 2.00 -0.27  0.64 -0.27 -0.61 
TRP TRP 11
 2.00  0.79  0.10  0.79 -1.16 
##### ri,i+2 #####
GLY GLY 36
-1.79  2.00  2.00  2.00  2.00  2.00 
GLY ALA 190
-1.75  1.51  2.00  2.00  2.00  2.00 
GLY SER 66
-1.63  0.10  2.00  2.00  2.00  2.00 
GLY CYS 20
-0.88 -1.28  2.00  2.00  2.00  2.00 
GLY VAL 112
 0.15 -1.64  2.00  2.00  2.00  2.00 
GLY THR 73
-0.80 -1.31  2.00  2.00  2.00  2.00 
GLY ILE 91
 1.62 -1.76  2.00  2.00  2.00  2.00 
GLY PRO 10
-1.79  2.00  2.00  2.00  2.00  2.00 
GLY MET 39
 1.87 -1.59  0.08  2.00  2.00  2.00 
GLY ASP 47
 0.67 -1.66  1.37  2.00  2.00  2.00 
GLY ASN 26
 0.77 -1.62  0.77  2.00  2.00  2.00 
GLY LEU 170
 2.00 -1.72  0.95  2.00  2.00  2.00 
GLY LYS 78
 1.87 -0.87 -1.15  1.18  2.00  2.00 
GLY GLU 75
 1.43 -1.14 -0.97  2.00  2.00  2.00 
GLY GLN 64
 2.00 -1.32 -0.81  2.00  2.00  2.00 
GLY ARG 59
 2.00 -0.81 -0.66 -0.60  2.00  2.00 
GLY HIS 23
 2.00 -1.14 -1.05  2.00  2.00  2.00 
GLY PHE 67
 2.00 -0.15 -1.56  2.00  2.00  2.00 
GLY TYR 51
 2.00  0.53 -1.33 -0.50  2.00  2.00 
GLY TRP 26
 2.00  0.37 -1.10 -0.84  2.00  2.00 
ALA GLY 135
-0.35 -1.52  2.00  2.00  2.00  2.00 
ALA ALA 596
 1.89 -1.76  2.00  2.00  2.00  2.00 
ALA SER 167
 1.94 -1.76  2.00  2.00  2.00  2.00 
ALA CYS 45
 2.00 -1.75  1.32  2.00  2.00  2.00 
ALA VAL 279
 2.00 -1.52 -0.35  2.00  2.00  2.00 
ALA THR 175
 2.00 -1.64  0.15  2.00  2.00  2.00 
ALA ILE 216
 2.00 -0.86 -1.28  2.00  2.00  2.00 
ALA PRO 13
 0.77 -1.62  0.77  2.00  2.00  2.00 
ALA MET 117
 2.00  0.67 -1.64  1.18  2.00  2.00 
ALA ASP 171
 2.00 -0.76 -1.35  2.00  2.00  2.00 
ALA ASN 140
 2.00 -0.46 -1.48  2.00  2.00  2.00 
ALA LEU 444
 2.00  0.87 -1.71  2.00  2.00  2.00 
ALA LYS 285
 2.00  0.68 -1.30 -0.59  2.00  2.00 
ALA GLU 342
 2.00  1.21 -1.62  0.49  2.00  2.00 
ALA GLN 175
 2.00  1.07 -1.60  0.33  2.00  2.00 
ALA ARG 256
 2.00  2.00 -0.97 -0.94  0.35  2.00 
ALA HIS 86
 2.00  1.56 -1.25 -0.83  2.00  2.00 
ALA PHE 161
 2.00  1.68 -0.42 -1.44  2.00  2.00 
ALA TYR 157
 2.00  2.00 -0.10 -1.45  0.43  2.00 
ALA TRP 65
 2.00  2.00 -0.02 -1.31 -0.26  2.00 
SER GLY 41
 2.00 -1.79  2.00  2.00  2.00  2.00 
SER ALA 191
 2.00 -1.70  0.63  2.00  2.00  2.00 
SER SER 60
 2.00 -1.34 -0.79  2.00  2.00  2.00 
SER CYS 15
 2.00 -1.39 -0.69  2.00  2.00  2.00 
SER VAL 128
 2.00  1.27 -1.74  2.00  2.00  2.00 
SER THR 74
 2.00 -0.32 -1.53  2.00  2.00  2.00 
SER ILE 144
 2.00  1.79 -1.75  2.00  2.00  2.00 
SER PRO 8
 2.00 -1.66  0.29  2.00  2.00  2.00 
SER MET 59
 2.00  2.00 -1.33 -0.81  2.00  2.00 
SER ASP 42
 2.00  1.95 -1.67  0.56  2.00  2.00 
SER ASN 41
 2.00  2.00 -1.66  0.31  2.00  2.00 
SER LEU 215
 2.00  2.00 -1.61  0.00  2.00  2.00 
SER LYS 72
 2.00  2.00 -0.85 -1.25  1.79  2.00 
SER GLU 90
 2.00  2.00 -1.10 -1.03  2.00  2.00 
SER GLN 60
 2.00  2.00 -1.10 -1.10  2.00  2.00 
SER ARG 67
 2.00  2.00 -0.48 -1.14 -0.23  2.00 
SER HIS 30
 2.00  2.00 -0.88 -1.22  1.61  2.00 
SER PHE 72
 2.00  2.00  0.18 -1.52  0.54  2.00 
SER TYR 66
 2.00  2.00  1.01 -0.97 -1.10  2.00 
SER TRP 35
 1.76  2.00  0.66 -0.88 -1.07  2.00 
CYS GLY 11
 2.00 -1.70  0.61  2.00  2.00  2.00 
CYS ALA 39
 2.00 -1.35 -0.77  2.00  2.00  2.00 
CYS SER 15
 2.00 -1.28 -0.88  2.00  2.00  2.00 
CYS CYS 4
 2.00  2.00 -1.79  2.00  2.00  2.00 
CYS VAL 17
 2.00  2.00 -1.79  2.00  2.00  2.00 
CYS THR 17
 2.00  1.04 -1.73  2.00  2.00  2.00 
CYS ILE 11
 2.00  2.00 -1.70  0.61  2.00  2.00 
CYS PRO 3
 2.00 -1.79  2.00  2.00  2.00  2.00 
CYS MET 7
 2.00  2.00 -0.94 -0.94  0.15  2.00 
CYS ASP 20
 2.00  2.00 -1.69  0.51  2.00  2.00 
CYS ASN 13
 2.00  2.00 -1.53 -0.33  2.00  2.00 
CYS LEU 47
 2.00  2.00 -1.20 -0.99  2.00  2.00 
CYS LYS 27
 2.00  1.50  0.41 -1.49  0.41  2.00 
CYS GLU 35
 2.00  1.07 -0.72 -1.28  2.00  2.00 
CYS GLN 24
 2.00  1.39 -0.69 -1.32  2.00  2.00 
CYS ARG 32
 2.00  2.00 -0.27 -1.03 -0.52  1.67 
CYS HIS 14
 2.00  2.00 -0.76 -1.23  0.85  2.00 
CYS PHE 13
 2.00  2.00  0.08 -1.31 -0.33  2.00 
CYS TYR 12
 2.00  2.00  2.00 -0.41 -1.50  2.00 
CYS TRP 3
 2.00  2.00  2.00 -0.69 -0.69 -0.69 
VAL GLY 95
 2.00 -1.69  0.56  2.00  2.00  2.00 
VAL ALA 300
 2.00 -0.88 -1.28  2.00  2.00  2.00 
VAL SER 132
 2.00 -0.04 -1.59  2.00  2.00  2.00 
VAL CYS 27
 2.00  2.00 -1.79  2.00  2.00  2.00 
VAL VAL 89
 2.00  2.00 -1.76  1.60  2.00  2.00 
VAL THR 98
 2.00  1.69 -1.76  2.00  2.00  2.00 
VAL ILE 75
 2.00  2.00 -1.60 -0.04  2.00  2.00 
VAL PRO 9
 2.00 -1.79  2.00  2.00  2.00  2.00 
VAL MET 66
 2.00  2.00 -0.82 -1.29  2.00  2.00 
VAL ASP 137
 2.00  2.00 -1.57 -0.17  2.00  2.00 
VAL ASN 101
 2.00  2.00 -1.27 -0.87  2.00  2.00 
VAL LEU 174
 2.00  2.00 -0.88 -1.28  2.00  2.00 
VAL LYS 179
 2.00  2.00  0.22 -1.42 -0.01  2.00 
VAL GLU 210
 2.00  2.00 -0.16 -1.51  1.48  2.00 
VAL GLN 134
 2.00  2.00 -0.42 -1.46  1.72  2.00 
VAL ARG 150
 2.00  2.00  0.73 -1.12 -0.81  1.61 
VAL HIS 43
 2.00  2.00  1.97 -1.61  0.18  2.00 
VAL PHE 51
 2.00  2.00  1.04 -1.12 -0.95  2.00 
VAL TYR 47
 2.00  2.00  2.00 -0.65 -1.31  1.37 
VAL TRP 26
 2.00  2.00  2.00 -0.84 -1.31  2.00 
THR GLY 46
 2.00 -1.72  0.94  2.00  2.00  2.00 
THR ALA 178
 2.00 -1.19 -0.99  2.00  2.00  2.00 
THR SER 70
 2.00  0.06 -1.62  2.00  2.00  2.00 
THR CYS 26
 2.00  0.77 -1.71  2.00  2.00  2.00 
THR VAL 113
 2.00  2.00 -1.75  1.55  2.00  2.00 
THR THR 50
 2.00  1.02 -1.73  2.00  2.00  2.00 
THR ILE 86
 2.00  2.00 -1.61  0.02  2.00  2.00 
THR PRO 8
 2.00 -1.79  2.00  2.00  2.00  2.00 
THR MET 53
 2.00  2.00 -1.04 -1.15  2.00  2.00 
THR ASP 61
 2.00  2.00 -1.55 -0.17  2.00  2.00 
THR ASN 40
 2.00  2.00 -1.50 -0.41  2.00  2.00 
THR LEU 204
 2.00  2.00 -1.06 -1.14  2.00  2.00 
THR LYS 83
 2.00  2.00 -0.26 -1.43  0.68  2.00 
THR GLU 89
 2.00  2.00 -0.35 -1.52  2.00  2.00 
THR GLN 82
 2.00  2.00 -0.56 -1.43  2.00  2.00 
THR ARG 79
 2.00  2.00 -0.19 -0.95 -0.75  2.00 
THR HIS 44
 2.00  2.00 -0.09 -1.56  1.99  2.00 
THR PHE 83
 2.00  2.00  1.24 -1.26 -0.77  2.00 
THR TYR 48
 2.00  2.00  1.39 -0.63 -1.32  2.00 
THR TRP 25
 2.00  2.00  0.73  0.33 -1.41  0.33 
ILE GLY 88
 2.00  0.20 -1.63  2.00  2.00  2.00 
ILE ALA 218
 2.00  0.88 -1.71  2.00  2.00  2.00 
ILE SER 121
 2.00  2.00 -1.71  1.06  2.00  2.00 
ILE CYS 15
 2.00  2.00 -1.57 -0.18  2.00  2.00 
ILE VAL 73
 2.00  2.00 -1.19 -1.00  2.00  2.00 
ILE THR 109
 2.00  2.00 -1.52 -0.36  2.00  2.00 
ILE ILE 65
 2.00  2.00 -0.61 -1.42  2.00  2.00 
ILE PRO 28
 2.00 -0.66 -1.40  2.00  2.00  2.00 
ILE MET 37
 2.00  2.00  0.43 -1.48  0.03  2.00 
ILE ASP 135
 2.00  2.00 -0.35 -1.51  2.00  2.00 
ILE ASN 111
 2.00  2.00  0.03 -1.59  2.00  2.00 
ILE LEU 153
 2.00  2.00  1.04 -1.72  2.00  2.00 
ILE LYS 165
 2.00  2.00  1.12 -1.28 -0.71  2.00 
ILE GLU 223
 2.00  2.00  1.13 -1.54  0.00  2.00 
ILE GLN 100
 2.00  2.00  0.51 -1.41 -0.28  2.00 
ILE ARG 140
 2.00  2.00  1.54 -0.86 -0.94  0.21 
ILE HIS 36
 2.00  2.00  1.79 -1.15 -0.98  2.00 
ILE PHE 59
 2.00  2.00  2.00 -0.28 -1.54  2.00 
ILE TYR 62
 2.00  2.00  1.24  0.26 -1.30 -0.23 
ILE TRP 19
 2.00  2.00  2.00 -0.46 -1.41  1.15 
PRO GLY 30
 2.00 -1.79  2.00  2.00  2.00  2.00 
PRO ALA 82
 2.00 -1.73  1.01  2.00  2.00  2.00 
PRO SER 23
 2.00 -1.49 -0.45  2.00  2.00  2.00 
PRO CYS 8
 2.00 -1.66  0.29  2.00  2.00  2.00 
PRO VAL 86
 2.00 -0.28 -1.54  2.00  2.00  2.00 
PRO THR 38
 2.00 -0.72 -1.37  2.00  2.00  2.00 
PRO ILE 56
 2.00  1.54 -1.76  2.00  2.00  2.00 
PRO PRO 7
 2.00 -1.79  2.00  2.00  2.00  2.00 
PRO MET 25
 2.00  1.43 -1.35 -0.65  2.00  2.00 
PRO ASP 28
 2.00 -0.07 -1.50  0.85  2.00  2.00 
PRO ASN 17
 2.00  2.00 -1.79  2.00  2.00  2.00 
PRO LEU 104
 2.00  1.47 -1.71  1.47  2.00  2.00 
PRO LYS 34
 2.00  2.00 -0.75 -1.36  2.00  2.00 
PRO GLU 52
 2.00  0.37 -1.27 -0.55  2.00  2.00 
PRO GLN 41
 2.00  0.82 -1.51 -0.02  2.00  2.00 
PRO ARG 40
 2.00  2.00 -0.50 -1.05 -0.41  2.00 
PRO HIS 12
 2.00  2.00 -1.25 -0.92  2.00  2.00 
PRO PHE 46
 2.00  2.00 -0.04 -1.52  0.94  2.00 
PRO TYR 32
 2.00  2.00 -0.27 -0.97 -0.72  2.00 
PRO TRP 9
 2.00  2.00 -0.69 -0.29 -0.98  2.00 
MET GLY 34
 2.00  0.35 -1.56  0.64  2.00  2.00 
MET ALA 129
 2.00  2.00 -1.41 -0.62  2.00  2.00 
MET SER 46
 2.00  2.00 -1.26 -0.91  2.00  2.00 
MET CYS 6
 2.00  2.00 -0.69 -1.39  2.00  2.00 
MET VAL 42
 2.00  2.00 -0.69 -1.39  2.00  2.00 
MET THR 50
 2.00  2.00 -0.71 -1.35  2.00  2.00 
MET ILE 40
 2.00  2.00 -0.18 -1.47  0.80  2.00 
MET PRO 11
 2.00  2.00 -1.79  2.00  2.00  2.00 
MET MET 32
 2.00  2.00  2.00 -1.27 -0.89  2.00 
MET ASP 64
 2.00  2.00  0.98 -1.60  0.42  2.00 
MET ASN 38
 2.00  2.00  1.85 -1.59  0.05  2.00 
MET LEU 79
 2.00  2.00  2.00 -1.35 -0.72  2.00 
MET LYS 76
 2.00  2.00  2.00 -0.60 -1.35  1.15 
MET GLU 90
 2.00  2.00  2.00 -0.79 -1.20  1.10 
MET GLN 54
 2.00  2.00  1.50 -1.10 -0.94  1.50 
MET ARG 72
 2.00  2.00  2.00 -0.41 -0.95 -0.61 
MET HIS 16
 2.00  2.00  2.00 -0.81 -1.22  0.98 
MET PHE 35
 2.00  2.00  2.00 -0.43 -1.37  0.66 
MET TYR 25
 2.00  2.00  2.00  1.43 -1.21 -0.88 
MET TRP 13
 2.00  2.00  2.00 -0.33 -0.61 -1.02 
ASP GLY 40
 1.90  0.51 -1.66  2.00  2.00  2.00 
ASP ALA 196
 2.00  1.69 -1.75  2.00  2.00  2.00 
ASP SER 41
 2.00  2.00 -1.77  1.92  2.00  2.00 
ASP CYS 29
 2.00  2.00 -1.52 -0.37  2.00  2.00 
ASP VAL 166
 2.00  2.00 -0.81 -1.32  2.00  2.00 
ASP THR 48
 2.00  2.00 -1.18 -1.01  2.00  2.00 
ASP ILE 187
 2.00  2.00 -0.17 -1.56  2.00  2.00 
ASP PRO 5
 2.00 -0.18 -1.57  2.00  2.00  2.00 
ASP MET 77
 2.00  2.00  0.47 -1.49  0.07  2.00 
ASP ASP 42
 2.00  2.00 -0.76 -1.35  2.00  2.00 
ASP ASN 36
 2.00  2.00  0.41 -1.67  2.00  2.00 
ASP LEU 285
 2.00  2.00  1.22 -1.72  1.91  2.00 
ASP LYS 65
 2.00  2.00  2.00 -1.11 -1.08  2.00 
ASP GLU 69
 2.00  2.00  1.06 -1.51 -0.12  2.00 
ASP GLN 70
 2.00  2.00  0.66 -1.46 -0.11  2.00 
ASP ARG 58
 2.00  2.00  0.88 -1.10 -0.44 -0.03 
ASP HIS 24
 2.00  2.00  0.69 -1.39 -0.41  2.00 
ASP PHE 111
 2.00  2.00  2.00 -0.41 -1.48  2.00 
ASP TYR 89
 2.00  2.00  1.60  0.39 -1.45  0.13 
ASP TRP 36
 2.00  2.00  2.00  0.18 -1.15 -0.69 
ASN GLY 31
 2.00  0.03 -1.62  2.00  2.00  2.00 
ASN ALA 136
 2.00  2.00 -1.75  2.00  2.00  2.00 
ASN SER 26
 2.00  0.77 -1.48 -0.14  2.00  2.00 
ASN CYS 13
 2.00  2.00 -1.53 -0.33  2.00  2.00 
ASN VAL 101
 2.00  2.00 -0.96 -1.18  2.00  2.00 
ASN THR 38
 2.00  2.00 -1.37 -0.72  2.00  2.00 
ASN ILE 132
 2.00  2.00  0.00 -1.61  2.00  2.00 
ASN PRO 3
-0.69  2.00 -1.39  2.00  2.00  2.00 
ASN MET 39
 2.00  2.00  1.18 -1.42 -0.43  2.00 
ASN ASP 27
 2.00  1.50 -0.58 -1.33  1.50  2.00 
ASN ASN 37
 2.00  2.00  0.43 -1.61  1.13  2.00 
ASN LEU 170
 2.00  2.00  1.26 -1.72  2.00  2.00 
ASN LYS 73
 2.00  2.00  1.81 -1.21 -0.90  2.00 
ASN GLU 43
 2.00  2.00  1.97 -1.59  0.18  1.97 
ASN GLN 30
 2.00  1.61  0.92 -1.44 -0.18  2.00 
ASN ARG 56
 2.00  2.00  0.85 -0.33 -1.29  0.62 
ASN HIS 19
 2.00  2.00  2.00 -1.25 -0.93  2.00 
ASN PHE 48
 2.00  2.00  2.00 -0.41 -1.48  2.00 
ASN TYR 50
 2.00  2.00  2.00  0.17 -1.57  1.02 
ASN TRP 26
 2.00  2.00  2.00  0.37 -1.17 -0.73 
LEU GLY 133
 2.00  1.15 -1.74  2.00  2.00  2.00 
LEU ALA 433
 2.00  2.00 -1.78  2.00  2.00  2.00 
LEU SER 211
 2.00  2.00 -1.59 -0.10  2.00  2.00 
LEU CYS 42
 2.00  2.00 -1.23 -0.94  2.00  2.00 
LEU VAL 143
 2.00  2.00  0.04 -1.62  2.00  2.00 
LEU THR 193
 2.00  2.00 -0.73 -1.36  2.00  2.00 
LEU ILE 105
 2.00  2.00  0.56 -1.67  2.00  2.00 
LEU PRO 41
 2.00  0.82 -1.72  2.00  2.00  2.00 
LEU MET 80
 2.00  2.00  1.20 -1.52 -0.12  2.00 
LEU ASP 257
 2.00  2.00  1.36 -1.71  1.81  2.00 
LEU ASN 182
 2.00  2.00  1.80 -1.74  1.80  2.00 
LEU LEU 276
 2.00  2.00  2.00 -1.70  0.78  2.00 
LEU LYS 308
 2.00  2.00  2.00 -0.82 -1.28  2.00 
LEU GLU 388
 2.00  2.00  1.34 -1.35 -0.63  2.00 
LEU GLN 235
 2.00  2.00  2.00 -1.36 -0.69  2.00 
LEU ARG 236
 2.00  2.00  2.00 -0.58 -0.95 -0.44 
LEU HIS 79
 2.00  2.00  2.00 -0.89 -1.27  2.00 
LEU PHE 99
 2.00  2.00  2.00 -0.09 -1.55  1.70 
LEU TYR 103
 2.00  2.00  2.00  1.23 -1.41 -0.45 
LEU TRP 39
 2.00  2.00  2.00  0.77 -1.17 -0.84 
LYS GLY 54
 2.00  1.50 -0.51 -1.39  2.00  2.00 
LYS ALA 248
 2.00  2.00 -0.44 -1.47  2.00  2.00 
LYS SER 64
 2.00  2.00  0.17 -1.52  0.58  2.00 
LYS CYS 20
 2.00  2.00  1.20 -1.50 -0.18  2.00 
LYS VAL 164
 2.00  2.00  1.92 -1.05 -1.07  2.00 
LYS THR 69
 2.00  2.00  1.34 -1.34 -0.60  2.00 
LYS ILE 183
 2.00  2.00  1.47 -0.74 -1.29  2.00 
LYS PRO 5
 2.00  2.00 -0.18 -1.57  2.00  2.00 
LYS MET 89
 2.00  2.00  2.00 -0.08 -1.46  0.62 
LYS ASP 45
 2.00  2.00  2.00 -0.93 -1.20  2.00 
LYS ASN 54
 2.00  2.00  2.00 -0.51 -1.41  2.00 
LYS LEU 316
 2.00  2.00  2.00 -0.18 -1.51  1.66 
LYS LYS 126
 2.00  2.00  2.00  1.25 -1.08 -1.02 
LYS GLU 111
 2.00  2.00  2.00  0.21 -1.36 -0.26 
LYS GLN 69
 2.00  2.00  2.00 -0.20 -1.34  0.04 
LYS ARG 91
 2.00  2.00  2.00  1.11 -0.65 -1.32 
LYS HIS 32
 2.00  2.00  2.00  0.58 -0.97 -1.03 
LYS PHE 124
 2.00  2.00  2.00  1.42 -0.86 -1.21 
LYS TYR 74
 2.00  2.00  2.00  2.00 -0.67 -1.38 
LYS TRP 35
 2.00  2.00  2.00  2.00  0.66 -1.70 
GLU GLY 76
 2.00  1.85 -1.52 -0.23  2.00  2.00 
GLU ALA 340
 2.00  2.00 -0.99 -1.18  2.00  2.00 
GLU SER 84
 2.00  2.00 -0.66 -1.39  2.00  2.00 
GLU CYS 37
 2.00  2.00 -0.26 -1.48  1.13  2.00 
GLU VAL 230
 2.00  2.00  0.01 -1.44  0.28  2.00 
GLU THR 101
 2.00  2.00 -0.12 -1.53  1.72  2.00 
GLU ILE 224
 2.00  2.00  0.62 -1.34 -0.49  2.00 
GLU PRO 6
 2.00  2.00 -1.39 -0.69  2.00  2.00 
GLU MET 97
 2.00  2.00  2.00 -0.80 -1.33  2.00 
GLU ASP 58
 2.00  2.00  0.66 -1.37 -0.37  2.00 
GLU ASN 65
 2.00  2.00  1.00 -1.20 -0.84  2.00 
GLU LEU 455
 2.00  2.00  1.84 -0.95 -1.17  2.00 
GLU LYS 124
 2.00  2.00  2.00 -0.30 -1.25 -0.06 
GLU GLU 172
 2.00  2.00  1.75 -0.49 -1.34  1.05 
GLU GLN 93
 2.00  2.00  2.00 -0.55 -1.35  1.35 
GLU ARG 140
 2.00  2.00  1.54  0.32 -0.89 -0.96 
GLU HIS 48
 2.00  2.00  2.00 -0.12 -1.25 -0.32 
GLU PHE 153
 2.00  2.00  2.00  0.41 -1.11 -0.84 
GLU TYR 105
 2.00  2.00  2.00  0.92 -0.90 -1.11 
GLU TRP 41
 2.00  2.00  2.00  0.31 -0.79 -1.12 
GLN GLY 42
 2.00  0.15 -1.39 -0.13  2.00  2.00 
GLN ALA 231
 2.00  2.00 -0.88 -1.25  2.00  2.00 
GLN SER 58
 2.00  2.00 -0.68 -1.37  2.00  2.00 
GLN CYS 22
 2.00  2.00 -0.65 -1.34  1.30  2.00 
GLN VAL 127
 2.00  2.00  0.11 -1.46  0.22  2.00 
GLN THR 72
 2.00  2.00 -0.22 -1.49  1.10  2.00 
GLN ILE 127
 2.00  2.00  0.97 -1.32 -0.64  2.00 
GLN PRO 5
 2.00  2.00 -1.79  2.00  2.00  2.00 
GLN MET 58
 2.00  2.00  1.58 -1.06 -1.06  2.00 
GLN ASP 44
 2.00  2.00  1.99 -1.27 -0.84  2.00 
GLN ASN 48
 2.00  2.00  2.00 -1.14 -1.06  2.00 
GLN LEU 243
 2.00  2.00  2.00 -0.98 -1.19  2.00 
GLN LYS 83
 2.00  2.00  2.00 -0.15 -1.26 -0.21 
GLN GLU 89
 2.00  2.00  2.00 -0.48 -1.35  0.75 
GLN GLN 76
 2.00  2.00  1.44 -0.55 -1.27  0.75 
GLN ARG 83
 2.00  2.00  1.93  0.06 -0.63 -1.11 
GLN HIS 21
 2.00  2.00  2.00 -0.54 -1.23  0.15 
GLN PHE 59
 2.00  2.00  2.00  0.68 -1.27 -0.66 
GLN TYR 71
 2.00  2.00  2.00  0.53 -1.06 -0.90 
GLN TRP 21
 2.00  2.00  2.00  2.00 -0.69 -1.39 
ARG GLY 49
 2.00  2.00  0.71 -1.37 -0.38  2.00 
ARG ALA 245
 2.00  2.00  1.00 -0.98 -1.08  2.00 
ARG SER 58
 2.00  2.00  1.17 -0.68 -1.23  1.58 
ARG CYS 22
 2.00  2.00  1.30 -0.49 -1.34  1.30 
ARG VAL 127
 2.00  2.00  2.00  0.06 -1.47  0.41 
ARG THR 79
 2.00  2.00  2.00 -0.13 -1.45  0.63 
ARG ILE 130
 2.00  2.00  2.00  0.51 -1.38 -0.29 
ARG PRO 6
 2.00  2.00 -0.69 -1.10  0.00  2.00 
ARG MET 54
 2.00  2.00  2.00  1.50 -0.75 -1.27 
ARG ASP 50
 2.00  2.00  2.00  0.73 -1.35 -0.52 
ARG ASN 41
 2.00  2.00  2.00  1.92 -1.12 -1.02 
ARG LEU 258
 2.00  2.00  2.00  0.82 -0.99 -1.03 
ARG LYS 92
 2.00  2.00  2.00  1.34 -0.57 -1.38 
ARG GLU 104
 2.00  2.00  2.00  0.77 -0.67 -1.26 
ARG GLN 75
 2.00  2.00  2.00  1.43 -0.94 -1.14 
ARG ARG 101
 2.00  2.00  2.00  1.44 -0.01 -1.55 
ARG HIS 34
 2.00  2.00  2.00  0.35  0.13 -1.48 
ARG PHE 90
 2.00  2.00  2.00  2.00  0.22 -1.62 
ARG TYR 78
 2.00  2.00  2.00  2.00  0.96 -1.71 
ARG TRP 40
 2.00  2.00  2.00  2.00  1.20 -1.74 
HIS GLY 10
 2.00  2.00 -1.44 -0.59  2.00  2.00 
HIS ALA 73
 2.00  2.00 -1.35 -0.76  2.00  2.00 
HIS SER 24
 2.00  2.00 -0.41 -1.50  2.00  2.00 
HIS CYS 11
 2.00  2.00  2.00 -1.79  2.00  2.00 
HIS VAL 49
 2.00  2.00  0.49 -1.61  1.00  2.00 
HIS THR 32
 2.00  2.00  0.29 -1.62  1.67  2.00 
HIS ILE 42
 2.00  2.00  1.95 -1.61  0.15  2.00 
HIS PRO 4
 2.00 -0.41 -1.10 -0.41  2.00  2.00 
HIS MET 19
 2.00  2.00  1.15 -0.23 -1.49  2.00 
HIS ASP 25
 2.00  2.00  2.00 -1.52 -0.36  2.00 
HIS ASN 16
 2.00  2.00  2.00 -1.50 -0.41  2.00 
HIS LEU 86
 2.00  2.00  2.00 -1.00 -1.19  2.00 
HIS LYS 28
 2.00  2.00  1.54 -0.07 -1.29 -0.07 
HIS GLU 33
 2.00  2.00  2.00 -0.78 -1.24  1.01 
HIS GLN 29
 2.00  2.00  1.58 -0.50 -1.37  1.58 
HIS ARG 37
 2.00  2.00  2.00  0.21 -0.89 -1.01 
HIS HIS 17
 2.00  2.00  1.04 -0.06 -1.44  1.04 
HIS PHE 39
 2.00  2.00  2.00  2.00 -1.22 -0.96 
HIS TYR 23
 2.00  2.00  2.00  2.00 -1.22 -0.96 
HIS TRP 14
 2.00  2.00  2.00  2.00 -0.94 -1.23 
PHE GLY 62
 2.00  2.00 -1.28 -0.88  2.00  2.00 
PHE ALA 152
 2.00  2.00 -1.06 -1.12  2.00  2.00 
PHE SER 77
 2.00  2.00  0.35 -1.65  2.00  2.00 
PHE CYS 11
 2.00  2.00  2.00 -1.79  2.00  2.00 
PHE VAL 59
 2.00  2.00  2.00 -1.56 -0.11  2.00 
PHE THR 69
 2.00  2.00  1.75 -1.60  0.14  2.00 
PHE ILE 61
 2.00  2.00  2.00 -1.42 -0.57  2.00 
PHE PRO 15
 2.00  2.00 -1.39 -0.69  2.00  2.00 
PHE MET 36
 2.00  2.00  2.00 -0.29 -1.47  1.10 
PHE ASP 89
 2.00  2.00  2.00 -1.15 -1.04  2.00 
PHE ASN 68
 2.00  2.00  1.73 -1.29 -0.75  2.00 
PHE LEU 97
 2.00  2.00  2.00 -0.21 -1.53  2.00 
PHE LYS 141
 2.00  2.00  2.00  0.76 -1.46 -0.21 
PHE GLU 124
 2.00  2.00  2.00  0.14 -1.55  0.83 
PHE GLN 92
 2.00  2.00  2.00  0.65 -1.57  0.43 
PHE ARG 93
 2.00  2.00  2.00  1.13 -0.95 -1.13 
PHE HIS 29
 2.00  2.00  1.58  0.48 -1.47  0.19 
PHE PHE 37
 2.00  2.00  2.00  2.00 -1.01 -1.18 
PHE TYR 36
 2.00  2.00  2.00  1.79 -0.69 -1.34 
PHE TRP 15
 2.00  2.00  2.00  2.00 -1.03 -1.16 
TYR GLY 43
 2.00  1.97 -0.92 -1.17  1.97  2.00 
TYR ALA 133
 2.00  2.00  0.53 -1.64  1.31  2.00 
TYR SER 72
 2.00  2.00  2.00 -1.66  0.41  2.00 
TYR CYS 12
 2.00  2.00  2.00 -1.50 -0.41  2.00 
TYR VAL 65
 2.00  1.69  2.00 -1.20 -0.91  2.00 
TYR THR 66
 2.00  2.00  2.00 -1.41 -0.60  2.00 
TYR ILE 44
 2.00  2.00  2.00 -0.20 -1.53  1.99 
TYR PRO 9
 2.00  2.00 -0.29 -1.54  2.00  2.00 
TYR MET 29
 2.00  2.00  2.00  0.88 -1.52 -0.03 
TYR ASP 62
 2.00  2.00  2.00 -0.61 -1.30  0.95 
TYR ASN 59
 2.00  2.00  2.00  0.21 -1.54  0.68 
TYR LEU 114
 2.00  2.00  2.00  0.86 -1.62  0.75 
TYR LYS 106
 2.00  2.00  2.00  2.00 -1.02 -1.14 
TYR GLU 105
 2.00  2.00  2.00  0.92 -1.34 -0.54 
TYR GLN 69
 2.00  2.00  1.75  1.06 -1.34 -0.50 
TYR ARG 64
 2.00  2.00  2.00  2.00 -0.47 -1.44 
TYR HIS 27
 2.00  2.00  2.00  1.50 -1.27 -0.80 
TYR PHE 31
 2.00  2.00  2.00  2.00 -0.76 -1.35 
TYR TYR 30
 2.00  2.00  2.00  1.61 -0.18 -1.53 
TYR TRP 18
 2.00  2.00  2.00  1.10  1.10 -1.67 
TRP GLY 25
 2.00  2.00 -1.21 -0.36 -0.18  2.00 
TRP ALA 64
 2.00  2.00  0.42 -1.39 -0.20  2.00 
TRP SER 30
 2.00  2.00  1.61 -1.44 -0.47  2.00 
TRP CYS 3
 2.00  2.00  2.00 -1.39 -0.69  2.00 
TRP VAL 27
 2.00  2.00  2.00 -1.20 -0.80  0.81 
TRP THR 43
 2.00  2.00  2.00 -1.36 -0.67  1.97 
TRP ILE 25
 2.00  2.00  2.00 -0.65 -1.21  0.33 
TRP PRO 4
 2.00  2.00 -0.41 -1.50  2.00  2.00 
TRP MET 12
 2.00  2.00  2.00  0.00 -1.25 -0.41 
TRP ASP 30
 2.00  2.00  1.61 -0.47 -1.34  0.92 
TRP ASN 30
 2.00  2.00  2.00  0.00 -1.57  1.61 
TRP LEU 47
 2.00  2.00  2.00 -0.14 -1.50  0.96 
TRP LYS 57
 2.00  2.00  2.00  0.86 -0.58 -1.33 
TRP GLU 45
 2.00  2.00  2.00  0.92 -1.35 -0.55 
TRP GLN 28
 2.00  2.00  2.00  0.85 -1.29 -0.66 
TRP ARG 41
 2.00  2.00  2.00  1.23 -0.38 -1.45 
TRP HIS 13
 2.00  2.00  2.00  0.08 -1.02 -0.84 
TRP PHE 26
 2.00  2.00  2.00 -0.48 -0.33 -1.10 
TRP TYR 13
 2.00  2.00  0.77  2.00 -0.33 -1.42 
TRP TRP 8
 2.00  2.00  2.00  0.29  0.29 -1.50 
##### ri,i+3 (A1,A4) #####
GLY GLY 108
 2.00 -0.98  0.41  2.00  2.00 -1.35  0.30  2.00 
GLY ALA 220
 2.00  0.06  2.00  2.00  2.00 -1.80  0.14  2.00 
GLY SER 78
 2.00  0.08  2.00  2.00  2.00 -1.87  0.89  2.00 
GLY CYS 24
 1.10  0.41  2.00  2.00  2.00 -1.95  2.00  2.00 
GLY VAL 122
 2.00  0.24  2.00  2.00  2.00 -1.87  0.65  2.00 
GLY THR 96
 1.79  0.00  1.79  2.00  2.00 -1.73  0.00  2.00 
GLY ILE 115
 2.00  0.87  2.00  2.00  2.00 -1.91  0.47  2.00 
GLY PRO 15
 2.00  0.63  2.00  2.00  2.00 -1.45 -0.98  0.63 
GLY MET 50
 1.83  1.83  1.83  2.00  2.00 -1.86 -0.11  2.00 
GLY ASP 67
 2.00  0.18  2.00  2.00  2.00 -1.79  0.18  1.43 
GLY ASN 50
 2.00  1.14  1.14  2.00  2.00 -1.91  0.73  1.83 
GLY LEU 210
 2.00  0.87  2.00  2.00  2.00 -1.93  0.70  2.00 
GLY LYS 94
 2.00  0.27  1.37  2.00  2.00 -1.81  0.38  2.00 
GLY GLU 87
 2.00 -0.32  1.69  2.00  2.00 -1.53 -0.61  2.00 
GLY GLN 62
 2.00  2.00  2.00  2.00  2.00 -1.84 -0.25  2.00 
GLY ARG 84
 2.00  0.05  0.97  2.00  1.66 -1.73  0.27  2.00 
GLY HIS 29
 2.00  0.59  2.00  2.00  2.00 -1.93  0.59  2.00 
GLY PHE 76
 2.00  0.31  2.00  2.00  1.56 -1.81  0.17  2.00 
GLY TYR 63
 2.00 -0.42  2.00  2.00  2.00 -1.83  1.37  2.00 
GLY TRP 25
 2.00  0.45  1.14  2.00  2.00 -1.35 -1.06  1.14 
ALA GLY 193
 2.00  2.00  2.00  2.00  2.00 -1.98  0.35  2.00 
ALA ALA 582
 2.00  2.00  2.00  2.00  2.00 -2.01  1.15  2.00 
ALA SER 199
 2.00  1.60  2.00  2.00  2.00 -1.96  0.44  2.00 
ALA CYS 57
 1.96  1.96  2.00  2.00  2.00 -2.01  1.27  2.00 
ALA VAL 263
 2.00  1.70  2.00  2.00  2.00 -2.00  1.41  2.00 
ALA THR 171
 2.00  1.96  2.00  2.00  2.00 -1.95  0.35  2.00 
ALA ILE 239
 2.00  2.00  2.00  2.00  1.79 -2.00  1.20  2.00 
ALA PRO 13
 2.00  0.49  2.00  2.00  2.00 -1.46 -1.12  2.00 
ALA MET 127
 2.00  2.00  2.00  2.00  2.00 -2.06  1.67  2.00 
ALA ASP 172
 2.00  1.28  2.00  2.00  2.00 -1.95  0.58  2.00 
ALA ASN 188
 2.00  2.00  2.00  2.00  2.00 -2.01  0.76  2.00 
ALA LEU 462
 2.00  2.00  2.00  2.00  2.00 -2.02  1.06  2.00 
ALA LYS 299
 2.00  2.00  2.00  2.00  2.00 -2.03  1.22  2.00 
ALA GLU 292
 2.00  2.00  2.00  2.00  2.00 -2.00  0.65  2.00 
ALA GLN 182
 2.00  2.00  2.00  2.00  2.00 -1.98  0.64  2.00 
ALA ARG 233
 2.00  2.00  2.00  2.00  1.76 -2.00  1.07  2.00 
ALA HIS 92
 2.00  1.06  1.75  2.00  2.00 -1.98  1.34  2.00 
ALA PHE 180
 2.00  2.00  2.00  2.00  2.00 -2.01  0.81  2.00 
ALA TYR 155
 2.00  2.00  2.00  2.00  2.00 -1.98  0.57  2.00 
ALA TRP 52
 2.00  0.77  2.00  2.00  1.87 -1.91  0.49  2.00 
SER GLY 93
 1.76 -0.64  2.00  2.00  2.00 -1.62  0.26  2.00 
SER ALA 243
 2.00 -0.30  2.00  2.00  2.00 -1.78  0.47  2.00 
SER SER 117
 1.58 -0.26  2.00  2.00  2.00 -1.77  0.49  2.00 
SER CYS 33
 2.00 -0.53  2.00  2.00  1.42 -1.67  0.32  2.00 
SER VAL 128
 2.00 -0.06  2.00  2.00  2.00 -1.83  0.47  2.00 
SER THR 108
 2.00 -0.69  1.50  2.00  2.00 -1.67  0.99  2.00 
SER ILE 106
 2.00  0.28  1.89  2.00  2.00 -1.89  1.20  2.00 
SER PRO 13
 0.49  0.49  0.49  2.00  2.00 -1.59 -0.21  2.00 
SER MET 46
 2.00  0.36  1.75  2.00  1.06 -1.81  0.36  2.00 
SER ASP 131
 2.00 -1.32  2.00  2.00  2.00 -1.30  0.72  2.00 
SER ASN 81
 2.00 -0.17  2.00  2.00  2.00 -1.73  0.01  2.00 
SER LEU 198
 2.00  0.72  2.00  2.00  2.00 -1.93  0.72  2.00 
SER LYS 100
 2.00  0.22  2.00  2.00  2.00 -1.87  0.73  2.00 
SER GLU 196
 1.81 -1.08  1.81  2.00  2.00 -1.47  1.00  2.00 
SER GLN 114
 2.00 -0.90  2.00  2.00  2.00 -1.56  0.71  1.56 
SER ARG 99
 2.00  0.72  1.82  2.00  2.00 -1.90  0.57  2.00 
SER HIS 25
 2.00 -0.47  2.00  2.00  2.00 -1.75  0.45  2.00 
SER PHE 79
 2.00 -0.11  2.00  2.00  2.00 -1.75  0.21  2.00 
SER TYR 70
 1.07 -0.03  2.00  2.00  0.78 -1.76  1.48  2.00 
SER TRP 24
 2.00  0.41  2.00  2.00  2.00 -1.85  0.00  2.00 
CYS GLY 11
 2.00  2.00  2.00  2.00  2.00 -1.76 -0.78  2.00 
CYS ALA 36
 2.00  2.00  2.00  2.00  2.00 -2.02  0.81  2.00 
CYS SER 22
 2.00 -0.09  2.00  2.00  2.00 -1.82  0.32  2.00 
CYS CYS 20
 2.00 -0.69  2.00  2.00  2.00 -1.57  0.22  0.92 
CYS VAL 25
 2.00  2.00  2.00  2.00  2.00 -1.95  0.04  2.00 
CYS THR 18
 2.00  0.12  2.00  2.00  0.81 -1.83  0.81  2.00 
CYS ILE 30
 1.32  1.32  2.00  2.00  2.00 -1.94  0.63  2.00 
CYS PRO 4
 2.00  2.00  2.00  2.00  2.00 -1.39 -1.39  2.00 
CYS MET 14
 2.00  2.00  2.00  2.00  2.00 -2.08  2.00  2.00 
CYS ASP 22
 2.00  0.32  2.00  2.00  2.00 -1.98  2.00  2.00 
CYS ASN 14
 2.00  0.56  2.00  2.00  2.00 -2.01  2.00  2.00 
CYS LEU 65
 2.00  1.40  2.00  2.00  2.00 -2.03  2.00  2.00 
CYS LYS 14
 2.00  0.56  2.00  2.00  2.00 -1.93  0.56  2.00 
CYS GLU 28
 2.00  1.25  2.00  2.00  2.00 -1.84 -0.36  2.00 
CYS GLN 9
 2.00  0.12  2.00  2.00  2.00 -1.83  0.12  2.00 
CYS ARG 23
 2.00  0.36  2.00  2.00  2.00 -1.83 -0.04  2.00 
CYS HIS 14
 2.00  0.56  2.00  2.00  2.00 -1.93  2.00  0.56 
CYS PHE 24
 1.10  2.00  2.00  1.10  2.00 -1.95  1.10  2.00 
CYS TYR 16
 2.00  0.69  2.00  2.00  2.00 -2.01  2.00  2.00 
CYS TRP 6
 2.00  2.00  2.00  2.00  2.00 -1.67 -0.98  2.00 
VAL GLY 88
 2.00  2.00  2.00  2.00  2.00 -2.00  0.79  2.00 
VAL ALA 342
 2.00  2.00  2.00  2.00  2.00 -1.99  0.66  2.00 
VAL SER 105
 2.00  1.48  2.00  2.00  2.00 -1.98  0.63  2.00 
VAL CYS 29
 2.00  2.00  2.00  2.00  1.29 -2.01  1.29  2.00 
VAL VAL 157
 2.00  1.88  2.00  2.00  2.00 -2.01  1.59  2.00 
VAL THR 102
 2.00  1.45  2.00  2.00  2.00 -1.95  0.47  2.00 
VAL ILE 150
 2.00  2.00  2.00  2.00  2.00 -2.00  0.99  2.00 
VAL PRO 11
 0.32  2.00  2.00  2.00  2.00 -1.29 -1.29  2.00 
VAL MET 87
 2.00  2.00  1.69  2.00  2.00 -2.02  1.29  2.00 
VAL ASP 71
 2.00  0.80  2.00  2.00  2.00 -1.94  0.80  2.00 
VAL ASN 74
 2.00  2.00  2.00  2.00  2.00 -1.98  0.43  2.00 
VAL LEU 278
 2.00  2.00  2.00  2.00  2.00 -2.02  1.06  2.00 
VAL LYS 122
 2.00  2.00  2.00  2.00  2.00 -1.98  0.42  2.00 
VAL GLU 126
 2.00  2.00  2.00  2.00  2.00 -1.94  0.05  2.00 
VAL GLN 89
 2.00  1.72  2.00  2.00  2.00 -2.03  1.72  2.00 
VAL ARG 103
 2.00  1.86  2.00  2.00  2.00 -2.00  0.76  2.00 
VAL HIS 55
 2.00  2.00  2.00  2.00  2.00 -2.06  1.93  2.00 
VAL PHE 102
 2.00  1.85  2.00  2.00  2.00 -2.01  0.94  2.00 
VAL TYR 95
 2.00  2.00  2.00  2.00  2.00 -1.98  0.39  2.00 
VAL TRP 40
 2.00  1.61  2.00  2.00  1.61 -1.95  0.51  2.00 
THR GLY 98
 2.00 -0.49  2.00  2.00  2.00 -1.74  0.43  2.00 
THR ALA 215
 2.00 -0.21  2.00  2.00  2.00 -1.83  0.65  2.00 
THR SER 98
 2.00 -0.20  2.00  2.00  2.00 -1.81  0.56  2.00 
THR CYS 18
 2.00  0.12  2.00  2.00  2.00 -1.96  2.00  2.00 
THR VAL 104
 2.00  0.17  2.00  2.00  2.00 -1.85  0.49  2.00 
THR THR 78
 2.00 -0.03  2.00  2.00  2.00 -1.87  0.89  2.00 
THR ILE 81
 2.00  0.52  2.00  2.00  2.00 -1.95  0.93  2.00 
THR PRO 12
 2.00  2.00  2.00  2.00  2.00 -1.79 -0.69  2.00 
THR MET 56
 1.95  0.00  2.00  2.00  1.95 -1.90  2.00  2.00 
THR ASP 104
 1.87 -1.10  2.00  2.00  2.00 -1.44  0.77  2.00 
THR ASN 88
 1.70 -0.17  2.00  2.00  2.00 -1.84  1.30  2.00 
THR LEU 192
 2.00  2.00  2.00  2.00  2.00 -2.01  1.10  2.00 
THR LYS 106
 2.00  0.64  2.00  2.00  2.00 -1.93  0.64  2.00 
THR GLU 189
 2.00 -1.36  2.00  2.00  2.00 -1.27  1.08  2.00 
THR GLN 129
 1.68 -1.07  1.39  2.00  2.00 -1.41  0.58  2.00 
THR ARG 109
 2.00  0.21  2.00  2.00  2.00 -1.89  0.67  2.00 
THR HIS 41
 2.00  0.54  1.63  2.00  1.63 -1.92  1.63  2.00 
THR PHE 61
 1.34  1.34  1.34  2.00  2.00 -1.90  0.93  2.00 
THR TYR 63
 2.00 -0.02  2.00  2.00  2.00 -1.76  0.27  2.00 
THR TRP 27
 2.00  0.52  2.00  2.00  2.00 -1.87  0.12  2.00 
ILE GLY 104
 2.00  2.00  1.87  2.00  2.00 -1.91  0.17  2.00 
ILE ALA 280
 2.00  2.00  2.00  2.00  2.00 -2.02  0.99  2.00 
ILE SER 91
 2.00  1.33  2.00  2.00  2.00 -1.95  0.49  2.00 
ILE CYS 29
 2.00  2.00  2.00  2.00  1.29 -2.01  1.29  2.00 
ILE VAL 121
 2.00  2.00  2.00  2.00  1.33 -1.97  0.92  2.00 
ILE THR 96
 2.00  2.00  1.79  2.00  2.00 -1.98  0.54  2.00 
ILE ILE 129
 2.00  2.00  2.00  2.00  2.00 -2.02  0.99  2.00 
ILE PRO 11
 2.00  2.00  2.00  2.00  2.00 -1.47 -1.29  2.00 
ILE MET 70
 2.00  2.00  2.00  2.00  2.00 -1.97  0.38  2.00 
ILE ASP 73
 2.00  2.00  2.00  2.00  2.00 -1.99  0.60  2.00 
ILE ASN 75
 2.00  2.00  2.00  2.00  2.00 -1.94  0.29  2.00 
ILE LEU 268
 2.00  2.00  2.00  2.00  2.00 -1.99  0.74  2.00 
ILE LYS 114
 2.00  2.00  1.56  2.00  1.96 -2.00  1.27  2.00 
ILE GLU 142
 2.00  2.00  2.00  2.00  2.00 -1.96  0.39  2.00 
ILE GLN 85
 2.00  2.00  2.00  2.00  1.67 -1.93  0.28  2.00 
ILE ARG 82
 2.00  2.00  2.00  2.00  2.00 -2.02  1.23  2.00 
ILE HIS 41
 2.00  1.63  1.63  2.00  2.00 -1.95  0.54  2.00 
ILE PHE 87
 2.00  2.00  2.00  2.00  2.00 -1.98  1.00  2.00 
ILE TYR 79
 2.00  2.00  2.00  2.00  2.00 -2.04  1.19  2.00 
ILE TRP 30
 2.00  2.00  1.32  2.00  1.32 -1.90  0.22  2.00 
PRO GLY 26
 1.18 -0.21  2.00  2.00  2.00 -1.65 -0.21  2.00 
PRO ALA 129
 2.00  0.14  1.68  2.00  2.00 -1.89  1.68  2.00 
PRO SER 33
 2.00 -0.19  0.72  2.00  2.00 -1.72  0.32  2.00 
PRO CYS 10
 2.00  2.00 -0.47  2.00  2.00 -1.86  2.00  2.00 
PRO VAL 105
 2.00 -0.68  1.88  2.00  1.19 -1.69  1.88  2.00 
PRO THR 55
 2.00 -0.02  0.83  2.00  0.83 -1.68  0.32  2.00 
PRO ILE 62
 2.00  0.44  2.00  2.00  2.00 -1.92  0.95  2.00 
PRO PRO 4
 2.00  2.00  2.00  2.00  2.00 -0.69 -1.79  2.00 
PRO MET 34
 2.00 -0.16  1.45  2.00  2.00 -1.85  1.45  2.00 
PRO ASP 46
 2.00 -0.33  1.06  2.00  1.75 -1.81  2.00  2.00 
PRO ASN 27
 1.22  0.52  1.22  2.00  2.00 -1.83  0.52  2.00 
PRO LEU 102
 2.00 -0.50  0.75  2.00  2.00 -1.74  2.00  2.00 
PRO LYS 73
 2.00 -0.43  1.11  2.00  2.00 -1.76  2.00  2.00 
PRO GLU 83
 2.00 -0.66  1.24  2.00  2.00 -1.67  0.95  2.00 
PRO GLN 51
 2.00 -0.09  0.75  2.00  2.00 -1.84  1.85  2.00 
PRO ARG 42
 2.00  0.97  1.66  2.00  0.97 -1.93  1.66  2.00 
PRO HIS 12
 2.00  0.41  0.41  2.00  2.00 -1.79  0.41  2.00 
PRO PHE 54
 1.91 -0.17  1.91  2.00  2.00 -1.85  1.91  2.00 
PRO TYR 29
 2.00 -0.50  1.29  2.00  1.29 -1.76  2.00  2.00 
PRO TRP 19
 2.00 -0.23  0.86  2.00  2.00 -1.77  0.86  2.00 
MET GLY 46
 2.00  1.75  1.06  2.00  2.00 -1.91  0.36  2.00 
MET ALA 121
 2.00  2.00  2.00  2.00  2.00 -1.99  0.77  2.00 
MET SER 43
 2.00  1.68  2.00  2.00  2.00 -2.01  0.99  2.00 
MET CYS 9
 2.00  2.00  2.00  2.00  2.00 -2.08  2.00  2.00 
MET VAL 83
 2.00  2.00  2.00  2.00  2.00 -1.98  0.55  2.00 
MET THR 41
 1.63  0.54  2.00  2.00  2.00 -1.98  2.00  2.00 
MET ILE 72
 2.00  2.00  2.00  2.00  2.00 -2.04  2.00  2.00 
MET PRO 6
 2.00  2.00  2.00  2.00  2.00 -1.90 -0.29  2.00 
MET MET 44
 2.00  2.00  1.70  2.00  1.70 -1.98  1.01  2.00 
MET ASP 32
 2.00  1.39  2.00  2.00  2.00 -2.01  1.39  2.00 
MET ASN 30
 2.00  2.00  2.00  2.00  2.00 -1.90 -0.29  2.00 
MET LEU 134
 2.00  2.00  2.00  2.00  2.00 -2.02  1.03  2.00 
MET LYS 56
 2.00  1.95  2.00  2.00  2.00 -2.02  1.25  2.00 
MET GLU 48
 2.00  1.79  2.00  2.00  2.00 -1.95  0.18  2.00 
MET GLN 42
 2.00  2.00  2.00  2.00  2.00 -1.98  0.27  2.00 
MET ARG 55
 2.00  2.00  2.00  2.00  1.93 -2.00  0.83  2.00 
MET HIS 25
 2.00  2.00  2.00  2.00  2.00 -2.04  1.14  2.00 
MET PHE 39
 2.00  2.00  2.00  2.00  2.00 -1.91 -0.21  2.00 
MET TYR 51
 2.00  2.00  2.00  2.00  2.00 -1.91 -0.23  2.00 
MET TRP 17
 2.00  2.00  2.00  2.00  2.00 -2.02  0.75  2.00 
ASP GLY 108
 2.00  0.12  1.22  2.00  2.00 -1.62 -0.49  1.91 
ASP ALA 252
 2.00 -0.26  2.00  2.00  2.00 -1.70  0.19  2.00 
ASP SER 103
 1.46 -0.62  1.86  2.00  2.00 -1.40 -0.39  1.86 
ASP CYS 26
 2.00  0.49  2.00  2.00  2.00 -1.91  0.49  2.00 
ASP VAL 138
 2.00 -0.24  2.00  2.00  1.75 -1.73  0.36  2.00 
ASP THR 129
 1.39 -0.52  2.00  2.00  2.00 -1.74  1.39  2.00 
ASP ILE 110
 1.93  0.06  2.00  2.00  2.00 -1.82  0.83  1.52 
ASP PRO 5
-0.47 -0.47  2.00  2.00  2.00 -0.47 -1.16  2.00 
ASP MET 66
 1.42  0.03  2.00  2.00  2.00 -1.86  1.01  2.00 
ASP ASP 108
 2.00 -0.39  1.91  2.00  2.00 -1.73  0.41  2.00 
ASP ASN 110
 1.52  1.52  2.00  2.00  2.00 -1.87  0.32  1.01 
ASP LEU 229
 1.74  0.14  1.97  2.00  2.00 -1.81  0.79  1.97 
ASP LYS 217
 1.91  0.21  2.00  2.00  2.00 -1.79  0.16  2.00 
ASP GLU 141
 1.48 -0.53  2.00  2.00  2.00 -1.65  0.47  1.77 
ASP GLN 90
 0.63 -0.22  1.73  2.00  2.00 -1.66  0.47  2.00 
ASP ARG 164
 2.00  0.25  2.00  2.00  2.00 -1.78 -0.02  2.00 
ASP HIS 35
 1.48 -0.13  2.00  2.00  2.00 -1.66 -0.32  2.00 
ASP PHE 79
 1.19 -0.42  2.00  2.00  2.00 -1.62  0.09  2.00 
ASP TYR 66
 1.01 -0.19  2.00  2.00  2.00 -1.60 -0.19  2.00 
ASP TRP 22
 2.00  0.32  2.00  2.00  2.00 -1.88  2.00  0.32 
ASN GLY 65
 2.00  0.02  0.71  2.00  2.00 -1.52 -0.61  2.00 
ASN ALA 144
 1.79  0.12  2.00  2.00  2.00 -1.79  0.12  2.00 
ASN SER 73
 2.00  0.27  1.52  2.00  2.00 -1.66 -0.50  2.00 
ASN CYS 17
 2.00  2.00  2.00  2.00  2.00 -2.02  0.75  2.00 
ASN VAL 90
 2.00 -0.22  2.00  2.00  2.00 -1.75  0.34  2.00 
ASN THR 61
 2.00 -0.27  0.93  2.00  2.00 -1.63  0.24  1.34 
ASN ILE 85
 2.00  0.98  2.00  2.00  2.00 -1.91  0.42  2.00 
ASN PRO 11
 0.32  0.32  0.32  2.00  2.00 -0.37 -1.47  2.00 
ASN MET 38
 1.56 -0.39  2.00  2.00  2.00 -1.77  0.86  2.00 
ASN ASP 72
 0.59 -0.94  2.00  2.00  2.00 -1.27 -0.20  2.00 
ASN ASN 72
 2.00  0.25  2.00  2.00  2.00 -1.83  0.12  2.00 
ASN LEU 158
 1.88  0.59  1.60  2.00  2.00 -1.80  0.09  2.00 
ASN LYS 125
 2.00  1.65  2.00  2.00  2.00 -1.91  0.18  2.00 
ASN GLU 94
 2.00 -0.79  2.00  2.00  2.00 -1.56  0.07  2.00 
ASN GLN 65
 2.00 -0.47  2.00  2.00  2.00 -1.76  0.71  2.00 
ASN ARG 93
 2.00  0.37  2.00  2.00  2.00 -1.86  0.26  2.00 
ASN HIS 19
 0.86 -0.93  2.00  2.00  2.00 -1.44  0.17  2.00 
ASN PHE 68
 1.04  0.19  2.00  2.00  2.00 -1.81  0.53  2.00 
ASN TYR 42
 2.00 -0.29  2.00  2.00  2.00 -1.67 -0.29  2.00 
ASN TRP 20
 2.00 -0.69  2.00  2.00  2.00 -1.65  0.22  2.00 
LEU GLY 157
 2.00  1.88  2.00  2.00  2.00 -1.99  0.67  2.00 
LEU ALA 466
 2.00  1.99  2.00  2.00  2.00 -1.99  0.97  2.00 
LEU SER 173
 2.00  2.00  2.00  2.00  2.00 -2.00  0.77  2.00 
LEU CYS 40
 2.00  1.61  2.00  2.00  0.92 -1.97  1.61  2.00 
LEU VAL 253
 2.00  2.00  2.00  2.00  2.00 -2.01  1.37  2.00 
LEU THR 146
 2.00  2.00  2.00  2.00  2.00 -1.96  0.27  2.00 
LEU ILE 238
 2.00  2.00  2.00  2.00  2.00 -2.01  0.91  2.00 
LEU PRO 18
 2.00  0.12  2.00  2.00  2.00 -1.13 -1.39  2.00 
LEU MET 148
 2.00  2.00  2.00  2.00  2.00 -2.02  1.53  2.00 
LEU ASP 119
 2.00  0.13  2.00  2.00  2.00 -1.86  0.62  2.00 
LEU ASN 118
 2.00  1.59  1.30  2.00  2.00 -1.94  0.61  2.00 
LEU LEU 522
 2.00  2.00  2.00  2.00  2.00 -2.02  1.09  2.00 
LEU LYS 214
 2.00  2.00  2.00  2.00  2.00 -2.03  1.21  2.00 
LEU GLU 247
 2.00  1.64  2.00  2.00  2.00 -1.96  0.86  2.00 
LEU GLN 182
 2.00  1.74  2.00  2.00  2.00 -1.94  0.29  2.00 
LEU ARG 205
 2.00  2.00  2.00  2.00  1.86 -2.00  1.05  2.00 
LEU HIS 85
 2.00  2.00  1.67  2.00  2.00 -1.97  0.75  2.00 
LEU PHE 172
 2.00  1.97  2.00  2.00  2.00 -1.97  0.58  2.00 
LEU TYR 154
 2.00  2.00  2.00  2.00  2.00 -1.97  0.25  2.00 
LEU TRP 59
 2.00  2.00  2.00  2.00  2.00 -1.99  0.61  2.00 
LYS GLY 135
 2.00  1.22  1.03  2.00  2.00 -1.87  0.26  2.00 
LYS ALA 230
 2.00  2.00  2.00  2.00  2.00 -2.00  0.87  2.00 
LYS SER 92
 2.00  1.75  2.00  2.00  2.00 -1.96  0.50  2.00 
LYS CYS 34
 2.00  1.45  2.00  2.00  2.00 -1.89 -0.16  2.00 
LYS VAL 116
 2.00  2.00  2.00  2.00  2.00 -2.02  1.06  2.00 
LYS THR 72
 2.00  0.81  1.10  2.00  2.00 -1.90  0.59  2.00 
LYS ILE 129
 2.00  2.00  2.00  2.00  1.68 -1.99  0.70  2.00 
LYS PRO 12
 0.41  0.41  2.00  2.00  2.00 -1.39 -0.98  2.00 
LYS MET 50
 2.00  1.83  2.00  2.00  1.83 -1.97  0.73  2.00 
LYS ASP 100
 2.00  0.45  2.00  2.00  2.00 -1.91  0.58  2.00 
LYS ASN 74
 2.00  1.53  1.53  2.00  2.00 -1.93  0.43  2.00 
LYS LEU 228
 2.00  1.96  2.00  2.00  2.00 -1.97  0.58  2.00 
LYS LYS 123
 2.00  2.00  2.00  2.00  2.00 -1.99  0.79  2.00 
LYS GLU 233
 2.00  1.17  2.00  2.00  2.00 -1.94  0.38  2.00 
LYS GLN 113
 2.00  0.86  1.95  2.00  2.00 -1.96  1.04  2.00 
LYS ARG 104
 2.00  2.00  1.87  2.00  1.87 -2.00  1.18  2.00 
LYS HIS 43
 2.00  0.99  0.99  2.00  2.00 -1.78 -0.26  2.00 
LYS PHE 89
 2.00  1.02  1.31  2.00  2.00 -1.93  1.02  2.00 
LYS TYR 65
 2.00  1.00  2.00  2.00  2.00 -1.98  1.00  2.00 
LYS TRP 28
 2.00  1.25  2.00  2.00  2.00 -1.97  0.56  2.00 
GLU GLY 121
 2.00  1.11  2.00  2.00  2.00 -1.90  0.15  2.00 
GLU ALA 310
 2.00  2.00  2.00  2.00  2.00 -1.97  0.52  2.00 
GLU SER 113
 2.00  1.55  2.00  2.00  2.00 -1.96  0.35  2.00 
GLU CYS 32
 2.00  1.39  1.39  2.00  2.00 -1.98  1.39  2.00 
GLU VAL 149
 2.00  0.73  1.83  2.00  1.54 -1.90  0.85  2.00 
GLU THR 96
 2.00  1.10  1.39  2.00  2.00 -1.96  1.10  2.00 
GLU ILE 130
 2.00  2.00  2.00  2.00  0.84 -1.98  1.69  2.00 
GLU PRO 16
 2.00  0.69  2.00  2.00  2.00 -1.50 -1.10  2.00 
GLU MET 44
 2.00  1.01  1.70  2.00  0.32 -1.91  2.00  2.00 
GLU ASP 150
 2.00  0.53  1.54  2.00  2.00 -1.91  0.85  2.00 
GLU ASN 117
 2.00  2.00  2.00  2.00  2.00 -2.01  0.89  2.00 
GLU LEU 302
 2.00  2.00  1.55  2.00  2.00 -1.99  1.23  2.00 
GLU LYS 298
 2.00  2.00  2.00  2.00  2.00 -1.99  1.13  2.00 
GLU GLU 230
 2.00  0.87  1.75  2.00  2.00 -1.91  0.59  2.00 
GLU GLN 149
 2.00  1.13  2.00  2.00  2.00 -1.94  0.53  2.00 
GLU ARG 259
 2.00  2.00  2.00  2.00  2.00 -2.01  0.77  2.00 
GLU HIS 70
 2.00  1.07  2.00  2.00  2.00 -1.96  0.56  2.00 
GLU PHE 91
 2.00  1.33  1.05  2.00  2.00 -1.89  0.49  2.00 
GLU TYR 77
 2.00  1.17  2.00  2.00  2.00 -1.94  0.32  2.00 
GLU TRP 39
 0.89  2.00  2.00  2.00  1.58 -2.00  2.00  2.00 
GLN GLY 84
 2.00  2.00  2.00  2.00  2.00 -1.93  0.05  2.00 
GLN ALA 221
 2.00  1.12  2.00  2.00  2.00 -1.94  0.61  2.00 
GLN SER 62
 2.00  2.00  2.00  2.00  2.00 -1.96  0.44  2.00 
GLN CYS 10
 2.00  0.22  2.00  2.00  2.00 -1.86  0.22  2.00 
GLN VAL 92
 2.00  2.00  2.00  2.00  2.00 -2.02  1.06  2.00 
GLN THR 74
 2.00  1.13  2.00  2.00  2.00 -1.97  0.62  2.00 
GLN ILE 97
 2.00  2.00  1.40  2.00  2.00 -2.00  1.11  2.00 
GLN PRO 7
 2.00 -0.13  2.00  2.00  2.00 -1.23 -1.23  2.00 
GLN MET 38
 2.00  1.56  2.00  2.00  1.56 -1.91  0.17  2.00 
GLN ASP 89
 2.00  1.72  2.00  2.00  2.00 -1.97  0.80  2.00 
GLN ASN 62
 2.00  1.35  2.00  2.00  2.00 -1.98  0.95  2.00 
GLN LEU 199
 2.00  2.00  2.00  2.00  2.00 -1.97  0.65  2.00 
GLN LYS 128
 2.00  2.00  2.00  2.00  2.00 -2.03  1.16  2.00 
GLN GLU 123
 2.00  2.00  2.00  2.00  2.00 -1.95  0.33  2.00 
GLN GLN 93
 2.00  1.35  2.00  2.00  2.00 -1.97  0.84  2.00 
GLN ARG 102
 2.00  2.00  2.00  2.00  2.00 -2.00  0.60  2.00 
GLN HIS 40
 2.00  2.00  2.00  2.00  2.00 -1.97  0.22  2.00 
GLN PHE 57
 2.00  2.00  2.00  2.00  2.00 -2.01  0.58  2.00 
GLN TYR 53
 2.00  2.00  2.00  2.00  1.89 -2.02  1.20  2.00 
GLN TRP 22
 2.00  1.01  2.00  2.00  2.00 -1.93  0.32  2.00 
ARG GLY 86
 2.00  0.77  1.68  2.00  2.00 -1.90  0.58  2.00 
ARG ALA 241
 2.00  2.00  1.46  2.00  2.00 -2.01  1.61  2.00 
ARG SER 73
 2.00  2.00  2.00  2.00  2.00 -2.02  1.52  2.00 
ARG CYS 20
 2.00  0.22  2.00  2.00  2.00 -1.97  2.00  2.00 
ARG VAL 121
 2.00  1.62  2.00  2.00  2.00 -2.03  2.00  2.00 
ARG THR 72
 2.00  1.10  0.81  2.00  2.00 -1.90  0.81  2.00 
ARG ILE 94
 2.00  2.00  2.00  2.00  2.00 -1.99  0.52  2.00 
ARG PRO 9
 2.00  2.00 -0.58  2.00  2.00 -1.27 -0.98  2.00 
ARG MET 61
 2.00  2.00  1.34  2.00  2.00 -2.03  2.00  2.00 
ARG ASP 75
 2.00  0.45  2.00  2.00  2.00 -1.91  0.85  2.00 
ARG ASN 65
 2.00  2.00  2.00  2.00  2.00 -2.02  1.00  2.00 
ARG LEU 212
 2.00  1.67  1.49  2.00  2.00 -1.96  0.79  2.00 
ARG LYS 110
 2.00  2.00  1.01  2.00  2.00 -2.00  1.93  2.00 
ARG GLU 167
 2.00  0.96  2.00  2.00  2.00 -1.91  0.33  2.00 
ARG GLN 107
 2.00  1.49  1.90  2.00  2.00 -1.92  0.40  1.90 
ARG ARG 105
 2.00  1.88  0.78  2.00  2.00 -1.93  0.78  2.00 
ARG HIS 27
 2.00  1.22  1.22  2.00  2.00 -1.92  0.52  2.00 
ARG PHE 77
 2.00  2.00  2.00  2.00  2.00 -2.00  0.88  2.00 
ARG TYR 75
 2.00  1.14  2.00  2.00  2.00 -1.97  1.14  2.00 
ARG TRP 25
 2.00  0.45  2.00  2.00  2.00 -1.91  0.45  2.00 
HIS GLY 51
 1.85  1.16  2.00  2.00  2.00 -1.86 -0.09  2.00 
HIS ALA 71
 2.00  1.08  2.00  2.00  2.00 -1.94  0.39  2.00 
HIS SER 25
 1.14 -0.25  2.00  2.00  2.00 -1.86  2.00  2.00 
HIS CYS 6
 2.00  2.00  2.00  2.00  2.00 -2.08  2.00  2.00 
HIS VAL 43
 1.68  1.68  2.00  2.00  0.99 -1.87  0.30  2.00 
HIS THR 36
 2.00 -0.11  2.00  2.00  2.00 -1.83  0.41  2.00 
HIS ILE 47
 1.77  0.67  2.00  2.00  2.00 -1.89  0.38  2.00 
HIS PRO 3
 2.00  2.00  2.00  2.00  2.00 -1.67 -0.98  2.00 
HIS MET 25
 2.00  1.14  2.00  2.00  2.00 -1.95  0.45  2.00 
HIS ASP 34
 2.00 -0.16  2.00  2.00  2.00 -1.81  0.35  2.00 
HIS ASN 26
 1.18 -0.21  1.18  2.00  2.00 -1.65  0.08  2.00 
HIS LEU 72
 2.00  1.10  2.00  2.00  2.00 -1.96  0.59  2.00 
HIS LYS 42
 2.00  1.66  2.00  2.00  2.00 -2.01  0.97  2.00 
HIS GLU 46
 2.00  0.14  2.00  2.00  2.00 -1.72 -0.33  1.75 
HIS GLN 37
 2.00  0.43  2.00  2.00  2.00 -1.80 -0.26  2.00 
HIS ARG 43
 2.00  1.68  1.68  2.00  1.68 -1.87  0.07  2.00 
HIS HIS 20
 2.00  2.00  2.00  2.00  0.92 -1.92  0.22  2.00 
HIS PHE 24
 1.10  1.10  2.00  2.00  2.00 -1.79 -0.29  2.00 
HIS TYR 22
 2.00  1.01  2.00  2.00  2.00 -1.88 -0.09  2.00 
HIS TRP 18
 2.00  0.12  2.00  2.00  2.00 -1.83  0.12  2.00 
PHE GLY 62
 2.00  2.00  2.00  2.00  2.00 -2.00  0.66  2.00 
PHE ALA 172
 2.00  2.00  2.00  2.00  2.00 -2.00  0.77  2.00 
PHE SER 69
 2.00  2.00  2.00  2.00  2.00 -1.99  0.55  2.00 
PHE CYS 19
 2.00  2.00  2.00  2.00  2.00 -2.08  2.00  2.00 
PHE VAL 83
 2.00  2.00  2.00  2.00  2.00 -2.02  0.95  2.00 
PHE THR 73
 2.00  2.00  2.00  2.00  2.00 -1.98  0.60  2.00 
PHE ILE 85
 2.00  1.67  2.00  2.00  2.00 -1.90 -0.03  2.00 
PHE PRO 14
 0.56  2.00  2.00  2.00  2.00 -1.05 -1.52  2.00 
PHE MET 53
 2.00  1.89  2.00  2.00  2.00 -2.02  1.20  2.00 
PHE ASP 69
 2.00  1.06  1.46  2.00  2.00 -1.91  0.55  2.00 
PHE ASN 63
 2.00  0.97  2.00  2.00  2.00 -1.96  0.97  2.00 
PHE LEU 179
 2.00  2.00  2.00  2.00  2.00 -1.99  0.62  2.00 
PHE LYS 85
 2.00  2.00  2.00  2.00  2.00 -1.98  0.57  2.00 
PHE GLU 78
 2.00  1.18  2.00  2.00  2.00 -1.88 -0.03  2.00 
PHE GLN 75
 2.00  1.54  2.00  2.00  2.00 -1.95  0.45  2.00 
PHE ARG 68
 2.00  2.00  2.00  2.00  2.00 -1.95  0.19  2.00 
PHE HIS 37
 2.00  2.00  2.00  2.00  2.00 -2.08  2.00  2.00 
PHE PHE 64
 2.00  2.00  2.00  2.00  2.00 -1.96  0.47  2.00 
PHE TYR 61
 2.00  2.00  2.00  2.00  2.00 -1.96  0.42  2.00 
PHE TRP 28
 2.00  2.00  2.00  2.00  2.00 -2.04  1.25  2.00 
TYR GLY 61
 2.00  2.00  2.00  2.00  2.00 -1.94  0.24  2.00 
TYR ALA 138
 2.00  2.00  2.00  2.00  2.00 -1.97  0.21  2.00 
TYR SER 69
 2.00  2.00  2.00  2.00  2.00 -1.97  0.55  2.00 
TYR CYS 13
 2.00  2.00  2.00  2.00  2.00 -2.00  0.49  2.00 
TYR VAL 84
 2.00  0.97  1.66  2.00  2.00 -1.97  1.66  2.00 
TYR THR 48
 1.79  0.69  1.79  2.00  2.00 -1.85  0.18  2.00 
TYR ILE 83
 2.00  1.65  2.00  2.00  2.00 -1.91  0.14  2.00 
TYR PRO 11
 2.00  0.32  2.00  2.00  2.00 -1.47 -1.07  2.00 
TYR MET 47
 2.00  2.00  2.00  2.00  1.77 -2.01  1.08  2.00 
TYR ASP 53
 2.00  1.20  1.89  2.00  2.00 -1.98  1.20  2.00 
TYR ASN 48
 1.79  1.10  1.79  2.00  1.79 -1.92  1.10  2.00 
TYR LEU 162
 2.00  2.00  2.00  2.00  1.91 -1.99  0.93  2.00 
TYR LYS 66
 2.00  2.00  2.00  2.00  2.00 -1.92 -0.19  2.00 
TYR GLU 72
 2.00  0.41  2.00  2.00  2.00 -1.75 -0.29  2.00 
TYR GLN 51
 2.00  2.00  2.00  2.00  2.00 -2.02  1.16  1.85 
TYR ARG 51
 2.00  2.00  2.00  2.00  2.00 -2.00  0.47  2.00 
TYR HIS 25
 2.00  2.00  0.45  2.00  1.14 -1.75 -0.25  2.00 
TYR PHE 75
 2.00  1.54  2.00  2.00  2.00 -1.94  0.29  2.00 
TYR TYR 59
 2.00  2.00  2.00  2.00  2.00 -1.97  0.21  2.00 
TYR TRP 22
 2.00  2.00  2.00  2.00  1.01 -1.98  1.01  2.00 
TRP GLY 31
 2.00  1.35  2.00  2.00  2.00 -1.94  0.26  2.00 
TRP ALA 62
 2.00  2.00  1.35  2.00  2.00 -1.94  0.44  2.00 
TRP SER 33
 2.00  2.00  0.32  2.00  2.00 -1.98  2.00  2.00 
TRP CYS 6
 2.00 -0.29  2.00  2.00  2.00 -1.90  2.00  2.00 
TRP VAL 35
 2.00  2.00  1.48  2.00  2.00 -1.99  0.78  2.00 
TRP THR 35
 2.00  0.78  2.00  2.00  1.48 -1.96  1.48  2.00 
TRP ILE 40
 1.61  1.61  1.61  2.00  2.00 -2.00  2.00  2.00 
TRP PRO 5
 2.00 -0.47  2.00  2.00  2.00 -1.57 -0.47  2.00 
TRP MET 16
 2.00  2.00  2.00  2.00  2.00 -2.08  2.00  2.00 
TRP ASP 32
 2.00  0.00  0.69  2.00  2.00 -1.79  0.69  2.00 
TRP ASN 27
 2.00  2.00  2.00  2.00  2.00 -2.00  0.52  2.00 
TRP LEU 64
 2.00  2.00  2.00  2.00  1.39 -1.95  0.47  2.00 
TRP LYS 38
 2.00  2.00  2.00  2.00  2.00 -1.97  0.17  2.00 
TRP GLU 32
 2.00  2.00  0.69  2.00  1.39 -1.87  0.29  2.00 
TRP GLN 25
 2.00  2.00  1.14  2.00  2.00 -2.00  1.14  2.00 
TRP ARG 33
 2.00  2.00  2.00  2.00  2.00 -2.02  0.72  2.00 
TRP HIS 13
 2.00  2.00  2.00  2.00  2.00 -1.91 -0.21  2.00 
TRP PHE 33
 2.00  2.00  1.42  2.00  2.00 -2.02  1.42  2.00 
TRP TYR 22
 2.00  1.01  2.00  2.00  2.00 -1.88 -0.09  2.00 
TRP TRP 18
 2.00  0.81  2.00  2.00  2.00 -1.90  0.12  2.00 
##### ri,i+4 (A1,A5) #####
GLY GLY 99
-0.53 -1.65  2.00  2.00  2.00  2.00  2.00 
GLY ALA 251
 1.97 -1.91  2.00  2.00  2.00  2.00  2.00 
GLY SER 79
-0.47 -1.67  2.00  2.00  2.00  2.00  2.00 
GLY CYS 27
-1.05 -1.42  2.00  2.00  2.00  2.00  2.00 
GLY VAL 108
 1.13 -1.90  2.00  2.00  2.00  2.00  2.00 
GLY THR 62
 0.57 -1.83  1.49  2.00  2.00  2.00  2.00 
GLY ILE 90
 1.17 -1.90  2.00  2.00  2.00  2.00  2.00 
GLY PRO 2
 2.00 -1.25 -1.25  2.00  2.00  2.00  2.00 
GLY MET 56
 0.13 -1.77  1.39  2.00  2.00  2.00  2.00 
GLY ASP 61
-0.78 -1.55  2.00  2.00  2.00  2.00  2.00 
GLY ASN 50
-0.98 -1.37  0.87  2.00  2.00  2.00  2.00 
GLY LEU 189
 0.04 -1.79  2.00  2.00  2.00  2.00  2.00 
GLY LYS 89
-0.23 -1.63  0.46  2.00  2.00  2.00  2.00 
GLY GLU 78
-0.36 -1.63  0.80  2.00  2.00  2.00  2.00 
GLY GLN 74
-0.04 -1.72  0.97  2.00  2.00  2.00  2.00 
GLY ARG 85
-1.14 -0.94 -0.28  2.00  2.00  2.00  2.00 
GLY HIS 30
-0.74 -1.38  0.07  2.00  2.00  2.00  2.00 
GLY PHE 55
-0.50 -1.03 -0.93  2.00  2.00  2.00  2.00 
GLY TYR 51
 0.19 -0.96 -1.23  1.99  2.00  2.00  2.00 
GLY TRP 26
-0.30 -0.77 -1.25  2.00  2.00  2.00  2.00 
ALA GLY 230
 0.23 -1.81  2.00  2.00  2.00  2.00  2.00 
ALA ALA 600
 2.00 -1.93  2.00  2.00  2.00  2.00  2.00 
ALA SER 172
 1.00 -1.87  2.00  2.00  2.00  2.00  2.00 
ALA CYS 35
 1.61 -1.89  1.61  2.00  2.00  2.00  2.00 
ALA VAL 222
 2.00 -1.90  1.51  2.00  2.00  2.00  2.00 
ALA THR 136
 0.57 -1.84  1.87  2.00  2.00  2.00  2.00 
ALA ILE 219
 0.96 -1.87  1.83  2.00  2.00  2.00  2.00 
ALA PRO 14
 2.00 -1.87  0.69  2.00  2.00  2.00  2.00 
ALA MET 128
-0.31 -1.69  1.52  2.00  2.00  2.00  2.00 
ALA ASP 120
-0.10 -1.66  0.44  2.00  2.00  2.00  2.00 
ALA ASN 119
-0.80 -1.43  0.53  2.00  2.00  2.00  2.00 
ALA LEU 431
-0.02 -1.75  1.64  2.00  2.00  2.00  2.00 
ALA LYS 254
-0.07 -1.54 -0.19  2.00  2.00  2.00  2.00 
ALA GLU 212
 0.15 -1.70  0.58  2.00  2.00  2.00  2.00 
ALA GLN 156
 0.11 -1.72  0.71  2.00  2.00  2.00  2.00 
ALA ARG 200
-0.62 -1.20 -0.56  2.00  2.00  2.00  2.00 
ALA HIS 73
-0.14 -1.27 -0.83  2.00  2.00  2.00  2.00 
ALA PHE 139
-0.48 -0.62 -1.23  2.00  2.00  2.00  2.00 
ALA TYR 125
-0.25 -0.61 -1.35  2.00  2.00  2.00  2.00 
ALA TRP 63
 0.25 -0.64 -1.44  2.00  2.00  2.00  2.00 
SER GLY 96
 0.13 -1.70  0.42  2.00  2.00  2.00  2.00 
SER ALA 260
 2.00 -1.90  1.42  2.00  2.00  2.00  2.00 
SER SER 108
 0.66 -1.85  2.00  2.00  2.00  2.00  2.00 
SER CYS 21
 1.10 -1.85  1.10  2.00  2.00  2.00  2.00 
SER VAL 111
 1.67 -1.81  0.37  2.00  2.00  2.00  2.00 
SER THR 88
 1.43 -1.88  1.43  2.00  2.00  2.00  2.00 
SER ILE 111
 2.00 -1.91  1.38  2.00  2.00  2.00  2.00 
SER PRO 7
 2.00 -1.95  2.00  2.00  2.00  2.00  2.00 
SER MET 53
 0.64 -1.78  0.64  2.00  2.00  2.00  2.00 
SER ASP 61
-0.67 -1.55  1.07  2.00  2.00  2.00  2.00 
SER ASN 81
-0.50 -1.52  0.25  2.00  2.00  2.00  2.00 
SER LEU 221
 0.81 -1.78  0.56  2.00  2.00  2.00  2.00 
SER LYS 113
-0.11 -1.54 -0.21  2.00  2.00  2.00  2.00 
SER GLU 100
-0.48 -1.55  0.36  2.00  2.00  2.00  2.00 
SER GLN 98
-0.31 -1.65  0.85  2.00  2.00  2.00  2.00 
SER ARG 103
-0.26 -1.28 -0.68  2.00  2.00  2.00  2.00 
SER HIS 35
-0.34 -1.34 -0.59  2.00  2.00  2.00  2.00 
SER PHE 75
-0.11 -0.62 -1.39  2.00  2.00  2.00  2.00 
SER TYR 62
 0.79 -0.91 -1.37  2.00  2.00  2.00  2.00 
SER TRP 24
 0.13 -0.38 -1.54  2.00  2.00  2.00  2.00 
CYS GLY 27
 0.66 -1.74  0.25  2.00  2.00  2.00  2.00 
CYS ALA 40
 2.00 -1.95  2.00  2.00  2.00  2.00  2.00 
CYS SER 13
-0.07 -1.68  0.62  2.00  2.00  2.00  2.00 
CYS CYS 14
 0.69 -1.87  2.00  2.00  2.00  2.00  2.00 
CYS VAL 26
 2.00 -1.87  0.62  2.00  2.00  2.00  2.00 
CYS THR 17
-0.72 -1.60  2.00  2.00  2.00  2.00  2.00 
CYS ILE 24
 2.00 -1.81  0.13  2.00  2.00  2.00  2.00 
CYS PRO 1
 2.00  2.00 -1.95  2.00  2.00  2.00  2.00 
CYS MET 10
-0.74 -1.44  0.36  2.00  2.00  2.00  2.00 
CYS ASP 12
 2.00 -1.76 -0.15  2.00  2.00  2.00  2.00 
CYS ASN 9
 0.25 -1.54 -0.44  2.00  2.00  2.00  2.00 
CYS LEU 45
-0.22 -1.75  2.00  2.00  2.00  2.00  2.00 
CYS LYS 21
-0.29 -1.39 -0.51  2.00  2.00  2.00  2.00 
CYS GLU 17
 0.89 -1.68 -0.21  2.00  2.00  2.00  2.00 
CYS GLN 12
 2.00 -1.66 -0.56  2.00  2.00  2.00  2.00 
CYS ARG 16
-0.97 -1.12 -0.27  2.00  2.00  2.00  2.00 
CYS HIS 13
 0.62 -1.33 -0.99  2.00  2.00  2.00  2.00 
CYS PHE 22
-0.24 -1.16 -0.93  2.00  2.00  2.00  2.00 
CYS TYR 12
 0.54 -1.07 -1.25  2.00  2.00  2.00  2.00 
CYS TRP 8
 0.13 -1.48 -0.56  2.00  2.00  2.00  2.00 
VAL GLY 77
 0.00 -1.68  0.45  2.00  2.00  2.00  2.00 
VAL ALA 251
 1.63 -1.90  1.97  2.00  2.00  2.00  2.00 
VAL SER 78
 0.62 -1.87  2.00  2.00  2.00  2.00  2.00 
VAL CYS 40
 0.13 -1.78  1.74  2.00  2.00  2.00  2.00 
VAL VAL 172
 1.82 -1.91  2.00  2.00  2.00  2.00  2.00 
VAL THR 95
 0.82 -1.86  1.91  2.00  2.00  2.00  2.00 
VAL ILE 143
 1.23 -1.89  2.00  2.00  2.00  2.00  2.00 
VAL PRO 6
 2.00 -0.85 -1.25 -0.15  2.00  2.00  2.00 
VAL MET 75
 1.27 -1.83  0.76  2.00  2.00  2.00  2.00 
VAL ASP 47
 0.29 -1.65 -0.04  2.00  2.00  2.00  2.00 
VAL ASN 68
-0.50 -1.58  0.66  2.00  2.00  2.00  2.00 
VAL LEU 345
 0.29 -1.82  2.00  2.00  2.00  2.00  2.00 
VAL LYS 137
-0.39 -1.46 -0.16  2.00  2.00  2.00  2.00 
VAL GLU 85
 0.10 -1.74  0.89  2.00  2.00  2.00  2.00 
VAL GLN 66
-0.65 -1.47  0.30  2.00  2.00  2.00  2.00 
VAL ARG 118
-0.70 -1.35 -0.01  2.00  2.00  2.00  2.00 
VAL HIS 32
-0.43 -1.12 -0.88  2.00  2.00  2.00  2.00 
VAL PHE 91
-0.27 -1.35 -0.57  2.00  2.00  2.00  2.00 
VAL TYR 86
 0.56 -1.18 -1.16  2.00  2.00  2.00  2.00 
VAL TRP 34
-0.62 -0.90 -0.98  2.00  2.00  2.00  2.00 
THR GLY 72
 1.23 -1.78  0.38  2.00  2.00  2.00  2.00 
THR ALA 217
 2.00 -1.91  1.49  2.00  2.00  2.00  2.00 
THR SER 60
 0.76 -1.82  1.05  2.00  2.00  2.00  2.00 
THR CYS 25
 0.58 -1.67 -0.11  2.00  2.00  2.00  2.00 
THR VAL 132
 2.00 -1.88  0.99  2.00  2.00  2.00  2.00 
THR THR 74
 1.26 -1.83  0.97  2.00  2.00  2.00  2.00 
THR ILE 119
 2.00 -1.89  0.89  2.00  2.00  2.00  2.00 
THR PRO 1
 2.00 -1.95  2.00  2.00  2.00  2.00  2.00 
THR MET 61
 0.56 -1.66 -0.14  2.00  2.00  2.00  2.00 
THR ASP 51
-0.79 -1.45  0.60  2.00  2.00  2.00  2.00 
THR ASN 79
-0.57 -1.58  1.04  2.00  2.00  2.00  2.00 
THR LEU 225
 1.39 -1.78  0.25  2.00  2.00  2.00  2.00 
THR LYS 119
-0.21 -1.55 -0.06  2.00  2.00  2.00  2.00 
THR GLU 99
-0.12 -1.57 -0.06  2.00  2.00  2.00  2.00 
THR GLN 90
-0.22 -1.54 -0.09  2.00  2.00  2.00  2.00 
THR ARG 96
-0.27 -1.23 -0.78  2.00  2.00  2.00  2.00 
THR HIS 35
-0.18 -1.39 -0.59  2.00  2.00  2.00  2.00 
THR PHE 87
 0.73 -0.70 -1.45  1.42  2.00  2.00  2.00 
THR TYR 62
-0.12 -1.00 -1.04  1.08  2.00  2.00  2.00 
THR TRP 26
-0.30 -0.77 -1.25  2.00  2.00  2.00  2.00 
ILE GLY 76
 0.31 -1.64  0.08  1.69  2.00  2.00  2.00 
ILE ALA 188
 2.00 -1.90  1.50  2.00  2.00  2.00  2.00 
ILE SER 60
 0.54 -1.82  1.46  2.00  2.00  2.00  2.00 
ILE CYS 34
 0.89 -1.89  2.00  2.00  2.00  2.00  2.00 
ILE VAL 137
 2.00 -1.92  2.00  2.00  2.00  2.00  2.00 
ILE THR 77
 1.01 -1.86  1.70  2.00  2.00  2.00  2.00 
ILE ILE 171
 1.00 -1.87  2.00  2.00  2.00  2.00  2.00 
ILE PRO 5
 2.00 -1.03 -1.44  2.00  2.00  2.00  2.00 
ILE MET 76
 0.31 -1.76  0.78  2.00  2.00  2.00  2.00 
ILE ASP 37
 0.06 -1.55 -0.13  1.67  2.00  2.00  2.00 
ILE ASN 80
 1.05 -1.71 -0.13  2.00  2.00  2.00  2.00 
ILE LEU 284
 0.57 -1.80  1.00  2.00  2.00  2.00  2.00 
ILE LYS 100
 0.87 -1.62 -0.34  1.97  2.00  2.00  2.00 
ILE GLU 89
 0.93 -1.80  0.60  2.00  2.00  2.00  2.00 
ILE GLN 65
 0.15 -1.66  0.15  2.00  2.00  2.00  2.00 
ILE ARG 96
-0.47 -1.31 -0.33  1.93  2.00  2.00  2.00 
ILE HIS 46
 0.78 -1.41 -0.89  2.00  2.00  2.00  2.00 
ILE PHE 97
 0.84 -1.43 -0.87  2.00  2.00  2.00  2.00 
ILE TYR 90
 0.36 -1.30 -0.94  2.00  2.00  2.00  2.00 
ILE TRP 25
 0.17 -1.21 -1.03  2.00  2.00  2.00  2.00 
PRO GLY 44
 0.74 -1.49 -0.73  2.00  2.00  2.00  2.00 
PRO ALA 157
 2.00 -1.88  0.81  2.00  2.00  2.00  2.00 
PRO SER 33
 2.00 -1.78 -0.06  2.00  2.00  2.00  2.00 
PRO CYS 12
 2.00 -1.86  0.54  2.00  2.00  2.00  2.00 
PRO VAL 69
 2.00 -1.60 -0.71  2.00  2.00  2.00  2.00 
PRO THR 33
 1.55 -1.63 -0.53  2.00  2.00  2.00  2.00 
PRO ILE 45
 1.86 -1.69 -0.34  2.00  2.00  2.00  2.00 
PRO PRO 0
 2.00  2.00  2.00  2.00  2.00  2.00  2.00 
PRO MET 29
 2.00 -1.52 -0.88  2.00  2.00  2.00  2.00 
PRO ASP 38
 1.00 -1.20 -1.08  1.00  2.00  2.00  2.00 
PRO ASN 28
 1.39 -1.61 -0.56  2.00  2.00  2.00  2.00 
PRO LEU 106
 1.11 -1.52 -0.75  2.00  2.00  2.00  2.00 
PRO LYS 79
 2.00 -1.27 -1.21  2.00  2.00  2.00  2.00 
PRO GLU 76
 2.00 -1.30 -1.14  2.00  2.00  2.00  2.00 
PRO GLN 43
 2.00 -1.28 -1.18  1.82  2.00  2.00  2.00 
PRO ARG 68
 0.89 -1.25 -1.06  1.58  2.00  2.00  2.00 
PRO HIS 11
 2.00 -1.16 -1.34  2.00  2.00  2.00  2.00 
PRO PHE 43
 1.82 -1.13 -1.23  1.12  2.00  2.00  2.00 
PRO TYR 34
 0.48 -1.06 -0.98  0.19  2.00  2.00  2.00 
PRO TRP 13
 2.00  0.62 -1.68 -0.07  2.00  2.00  2.00 
MET GLY 51
 0.38 -1.31 -0.96  2.00  2.00  2.00  2.00 
MET ALA 110
 0.81 -1.58 -0.54  2.00  2.00  2.00  2.00 
MET SER 40
 0.36 -1.59 -0.34  2.00  2.00  2.00  2.00 
MET CYS 17
 0.89 -1.89  2.00  2.00  2.00  2.00  2.00 
MET VAL 54
 0.10 -1.51 -0.35  2.00  2.00  2.00  2.00 
MET THR 33
 0.16 -1.58 -0.24  2.00  2.00  2.00  2.00 
MET ILE 70
 0.69 -1.79  0.69  2.00  2.00  2.00  2.00 
MET PRO 0
 2.00  2.00  2.00  2.00  2.00  2.00  2.00 
MET MET 34
-0.62 -1.56  0.89  2.00  2.00  2.00  2.00 
MET ASP 27
 0.66 -1.42 -0.85  2.00  2.00  2.00  2.00 
MET ASN 35
-0.79 -1.34  0.00  2.00  2.00  2.00  2.00 
MET LEU 134
-0.85 -1.40  0.65  2.00  2.00  2.00  2.00 
MET LYS 46
 0.09 -1.16 -1.01  1.88  2.00  2.00  2.00 
MET GLU 57
-0.10 -1.27 -0.79  2.00  2.00  2.00  2.00 
MET GLN 29
-0.19 -0.98 -1.14  2.00  2.00  2.00  2.00 
MET ARG 39
-0.23 -1.17 -0.77  1.02  2.00  2.00  2.00 
MET HIS 17
-0.21 -1.06 -0.90  0.89  2.00  2.00  2.00 
MET PHE 45
-0.22 -1.27 -0.62  1.17  2.00  2.00  2.00 
MET TYR 34
-0.03 -0.98 -1.06  0.89  2.00  2.00  2.00 
MET TRP 10
-0.34 -1.03 -0.74  0.36  2.00  2.00  2.00 
ASP GLY 76
 0.59 -1.53 -0.61  2.00  2.00  2.00  2.00 
ASP ALA 290
 2.00 -1.79  0.14  2.00  2.00  2.00  2.00 
ASP SER 114
 0.39 -1.66 -0.04  2.00  2.00  2.00  2.00 
ASP CYS 18
-0.44 -1.36 -0.44  2.00  2.00  2.00  2.00 
ASP VAL 106
 1.62 -1.50 -0.81  2.00  2.00  2.00  2.00 
ASP THR 84
 0.54 -1.73  0.29  2.00  2.00  2.00  2.00 
ASP ILE 99
 2.00 -1.71 -0.35  2.00  2.00  2.00  2.00 
ASP PRO 6
 2.00 -0.85 -1.54  2.00  2.00  2.00  2.00 
ASP MET 55
 0.96 -1.46 -0.83  2.00  2.00  2.00  2.00 
ASP ASP 83
 0.08 -1.55 -0.30  2.00  2.00  2.00  2.00 
ASP ASN 108
-0.63 -1.48  0.54  2.00  2.00  2.00  2.00 
ASP LEU 163
 1.54 -1.52 -0.78  2.00  2.00  2.00  2.00 
ASP LYS 170
-0.55 -1.15 -0.72  2.00  2.00  2.00  2.00 
ASP GLU 137
 1.18 -1.30 -1.09  2.00  2.00  2.00  2.00 
ASP GLN 115
-0.25 -1.36 -0.53  2.00  2.00  2.00  2.00 
ASP ARG 173
-0.78 -1.04 -0.60  1.82  2.00  2.00  2.00 
ASP HIS 39
-0.07 -1.17 -0.99  2.00  2.00  2.00  2.00 
ASP PHE 67
 1.16 -0.57 -1.59  2.00  2.00  2.00  2.00 
ASP TYR 80
 0.83 -0.56 -1.33 -0.05  2.00  2.00  2.00 
ASP TRP 31
 0.79 -0.71 -1.28  0.10  2.00  2.00  2.00 
ASN GLY 61
 1.07 -1.47 -0.83  2.00  2.00  2.00  2.00 
ASN ALA 159
 2.00 -1.78  0.03  2.00  2.00  2.00  2.00 
ASN SER 77
 1.30 -1.68 -0.24  2.00  2.00  2.00  2.00 
ASN CYS 12
-0.15 -1.54 -0.15  2.00  2.00  2.00  2.00 
ASN VAL 93
 0.51 -1.57 -0.46  2.00  2.00  2.00  2.00 
ASN THR 60
 0.07 -1.68  0.36  2.00  2.00  2.00  2.00 
ASN ILE 64
 0.83 -1.68 -0.18  2.00  2.00  2.00  2.00 
ASN PRO 7
 2.00 -1.61 -0.69  2.00  2.00  2.00  2.00 
ASN MET 42
 0.00 -1.50 -0.29  1.79  2.00  2.00  2.00 
ASN ASP 71
 0.53 -1.62 -0.32  2.00  2.00  2.00  2.00 
ASN ASN 53
-0.37 -1.31 -0.54  2.00  2.00  2.00  2.00 
ASN LEU 132
 0.23 -1.31 -0.91  2.00  2.00  2.00  2.00 
ASN LYS 74
-0.28 -1.36 -0.53  2.00  2.00  2.00  2.00 
ASN GLU 94
-0.11 -1.37 -0.62  2.00  2.00  2.00  2.00 
ASN GLN 68
-0.56 -1.34 -0.37  2.00  2.00  2.00  2.00 
ASN ARG 62
-0.38 -1.11 -0.86  2.00  2.00  2.00  2.00 
ASN HIS 28
-0.41 -0.41 -1.39  2.00  2.00  2.00  2.00 
ASN PHE 57
 0.15 -0.95 -1.20  2.00  2.00  2.00  2.00 
ASN TYR 45
 0.07 -0.70 -1.32  1.17  2.00  2.00  2.00 
ASN TRP 15
 0.76 -1.03 -0.85 -0.34  2.00  2.00  2.00 
LEU GLY 179
 0.15 -1.32 -0.87  2.00  2.00  2.00  2.00 
LEU ALA 353
 1.52 -1.83  0.59  2.00  2.00  2.00  2.00 
LEU SER 149
-0.20 -1.54 -0.12  2.00  2.00  2.00  2.00 
LEU CYS 53
-0.61 -1.59  1.33  2.00  2.00  2.00  2.00 
LEU VAL 220
 0.68 -1.68 -0.14  2.00  2.00  2.00  2.00 
LEU THR 128
-0.31 -1.64  0.71  2.00  2.00  2.00  2.00 
LEU ILE 234
 0.42 -1.80  1.21  2.00  2.00  2.00  2.00 
LEU PRO 7
 2.00 -0.69 -1.61  2.00  2.00  2.00  2.00 
LEU MET 103
-0.87 -1.32  0.12  2.00  2.00  2.00  2.00 
LEU ASP 104
 0.40 -1.46 -0.67  2.00  2.00  2.00  2.00 
LEU ASN 95
-0.61 -1.24 -0.48  2.00  2.00  2.00  2.00 
LEU LEU 490
-1.10 -1.26  0.81  2.00  2.00  2.00  2.00 
LEU LYS 179
-0.59 -1.04 -0.85  2.00  2.00  2.00  2.00 
LEU GLU 171
-0.27 -1.26 -0.70  1.81  2.00  2.00  2.00 
LEU GLN 130
-0.69 -1.25 -0.37  2.00  2.00  2.00  2.00 
LEU ARG 159
-0.77 -0.92 -0.75  1.51  2.00  2.00  2.00 
LEU HIS 82
-0.37 -1.41 -0.37  2.00  2.00  2.00  2.00 
LEU PHE 179
-0.19 -1.21 -0.87  2.00  2.00  2.00  2.00 
LEU TYR 139
-0.15 -1.20 -0.77  1.04  2.00  2.00  2.00 
LEU TRP 48
-0.15 -0.47 -1.25  0.54  1.93  2.00  2.00 
LYS GLY 85
 0.01 -1.09 -1.03  1.40  2.00  2.00  2.00 
LYS ALA 187
 2.00 -0.93 -1.46  2.00  2.00  2.00  2.00 
LYS SER 80
 0.24 -1.28 -0.97  2.00  2.00  2.00  2.00 
LYS CYS 13
-0.07 -1.17 -0.99  2.00  2.00  2.00  2.00 
LYS VAL 68
 1.17 -1.02 -1.31  1.58  2.00  2.00  2.00 
LYS THR 82
 0.38 -1.25 -0.97  1.77  2.00  2.00  2.00 
LYS ILE 84
 0.18 -1.28 -0.81  1.10  2.00  2.00  2.00 
LYS PRO 11
 2.00 -0.24 -1.75  2.00  2.00  2.00  2.00 
LYS MET 37
-0.41 -1.38 -0.41  2.00  2.00  2.00  2.00 
LYS ASP 183
-1.47 -0.67  0.43  2.00  2.00  2.00  2.00 
LYS ASN 66
-0.65 -1.34 -0.15  2.00  2.00  2.00  2.00 
LYS LEU 158
-0.44 -0.98 -0.89  1.04  2.00  2.00  2.00 
LYS LYS 155
-0.12 -1.09 -1.01  2.00  2.00  2.00  2.00 
LYS GLU 247
-1.25 -0.70 -0.35  2.00  2.00  2.00  2.00 
LYS GLN 109
-0.55 -1.04 -0.87  2.00  2.00  2.00  2.00 
LYS ARG 90
 0.61 -1.18 -0.97  0.76  2.00  2.00  2.00 
LYS HIS 20
 0.36 -0.74 -1.35  1.05  2.00  2.00  2.00 
LYS PHE 40
 0.36 -0.20 -1.20 -0.56  2.00  2.00  2.00 
LYS TYR 60
-0.05 -0.34 -0.90 -0.74  2.00  2.00  2.00 
LYS TRP 19
-0.61 -0.39 -0.79 -0.39  2.00  2.00  2.00 
GLU GLY 90
 0.76 -1.16 -1.13  1.46  2.00  2.00  2.00 
GLU ALA 310
 1.49 -1.19 -1.25  2.00  2.00  2.00  2.00 
GLU SER 112
 0.69 -1.42 -0.81  2.00  2.00  2.00  2.00 
GLU CYS 15
 0.76 -1.44 -0.85  2.00  2.00  2.00  2.00 
GLU VAL 118
 1.44 -1.30 -1.11  2.00  2.00  2.00  2.00 
GLU THR 113
 0.38 -1.58 -0.40  2.00  2.00  2.00  2.00 
GLU ILE 117
 1.72 -1.55 -0.74  2.00  2.00  2.00  2.00 
GLU PRO 9
 2.00  2.00 -1.83  0.25  2.00  2.00  2.00 
GLU MET 64
 0.27 -1.31 -0.92  2.00  2.00  2.00  2.00 
GLU ASP 103
 0.29 -1.47 -0.53  1.59  2.00  2.00  2.00 
GLU ASN 121
-0.52 -1.41 -0.19  2.00  2.00  2.00  2.00 
GLU LEU 235
-0.25 -1.27 -0.76  2.00  2.00  2.00  2.00 
GLU LYS 279
-0.78 -1.09 -0.52  1.74  2.00  2.00  2.00 
GLU GLU 197
 0.20 -1.08 -1.08  1.39  2.00  2.00  2.00 
GLU GLN 129
-0.58 -1.11 -0.72  2.00  2.00  2.00  2.00 
GLU ARG 237
-1.12 -1.03  0.09  1.58  2.00  2.00  2.00 
GLU HIS 53
 0.23 -0.75 -1.34  1.33  2.00  2.00  2.00 
GLU PHE 87
 0.73 -0.52 -1.51  1.13  2.00  2.00  2.00 
GLU TYR 71
-0.08 -1.05 -0.73  0.01  2.00  2.00  2.00 
GLU TRP 35
 0.00 -0.18 -1.10 -0.59  2.00  2.00  2.00 
GLN GLY 56
 0.29 -1.01 -1.25  2.00  2.00  2.00  2.00 
GLN ALA 181
 1.64 -1.29 -1.14  2.00  2.00  2.00  2.00 
GLN SER 70
-0.10 -1.39 -0.64  2.00  2.00  2.00  2.00 
GLN CYS 6
-0.15 -1.76  2.00  2.00  2.00  2.00  2.00 
GLN VAL 62
 2.00 -1.19 -1.28  2.00  2.00  2.00  2.00 
GLN THR 84
 0.41 -1.52 -0.35  1.39  2.00  2.00  2.00 
GLN ILE 60
 0.54 -1.52 -0.56  2.00  2.00  2.00  2.00 
GLN PRO 6
-0.15  2.00 -1.76  2.00  2.00  2.00  2.00 
GLN MET 21
 0.41 -1.30 -0.98  2.00  2.00  2.00  2.00 
GLN ASP 131
-1.62 -0.40  0.85  2.00  2.00  2.00  2.00 
GLN ASN 83
-1.16 -1.02 -0.01  2.00  2.00  2.00  2.00 
GLN LEU 140
 0.36 -1.24 -0.99  1.90  2.00  2.00  2.00 
GLN LYS 113
 0.38 -1.21 -1.09  2.00  2.00  2.00  2.00 
GLN GLU 149
-1.07 -1.02 -0.24  2.00  2.00  2.00  2.00 
GLN GLN 83
-0.89 -1.05 -0.47  2.00  2.00  2.00  2.00 
GLN ARG 92
-0.52 -1.21 -0.60  1.88  2.00  2.00  2.00 
GLN HIS 30
-0.15 -1.18 -0.94  2.00  2.00  2.00  2.00 
GLN PHE 62
-0.12 -0.30 -1.35  0.57  2.00  2.00  2.00 
GLN TYR 44
-0.46 -0.99 -0.80  0.74  2.00  2.00  2.00 
GLN TRP 15
-0.85 -0.34 -0.85  0.07  2.00  2.00  2.00 
ARG GLY 80
 0.49 -0.56 -1.41  0.64  2.00  2.00  2.00 
ARG ALA 195
 1.72 -0.50 -1.62  2.00  2.00  2.00  2.00 
ARG SER 77
 1.30 -0.90 -1.43  2.00  2.00  2.00  2.00 
ARG CYS 11
 2.00 -1.16 -1.34  2.00  2.00  2.00  2.00 
ARG VAL 86
 0.11 -0.89 -1.13  0.56  2.00  2.00  2.00 
ARG THR 68
 0.33 -1.31 -0.95  2.00  2.00  2.00  2.00 
ARG ILE 92
 0.18 -1.27 -0.76  0.78  2.00  2.00  2.00 
ARG PRO 5
 2.00 -0.34 -1.72  2.00  2.00  2.00  2.00 
ARG MET 52
-0.39 -1.13 -0.70  0.91  2.00  2.00  2.00 
ARG ASP 82
-0.58 -1.04 -0.58  0.67  2.00  2.00  2.00 
ARG ASN 83
 0.28 -1.31 -0.75  0.86  2.00  2.00  2.00 
ARG LEU 167
-0.76 -0.82 -0.72  0.61  2.00  2.00  2.00 
ARG LYS 91
-0.14 -1.15 -0.84  0.96  2.00  2.00  2.00 
ARG GLU 200
-1.09 -0.84 -0.48  2.00  2.00  2.00  2.00 
ARG GLN 83
-0.17 -1.05 -1.02  1.78  2.00  2.00  2.00 
ARG ARG 90
 0.16 -1.11 -0.81  0.25  2.00  2.00  2.00 
ARG HIS 28
-0.56 -0.81 -0.41 -0.41  2.00  2.00  2.00 
ARG PHE 55
 0.45 -0.88 -0.71 -0.58  2.00  2.00  2.00 
ARG TYR 56
-0.41 -0.75 -0.56 -0.49  2.00  2.00  2.00 
ARG TRP 18
 0.25 -0.44 -0.44 -1.13  2.00  2.00  2.00 
HIS GLY 28
 0.29 -0.92 -1.32  2.00  2.00  2.00  2.00 
HIS ALA 50
-0.23 -0.74 -1.29  2.00  2.00  2.00  2.00 
HIS SER 31
-0.81 -1.00 -0.71  2.00  2.00  2.00  2.00 
HIS CYS 10
-1.03 -1.03 -0.34  2.00  2.00  2.00  2.00 
HIS VAL 55
-0.77 -0.77 -0.98  2.00  2.00  2.00  2.00 
HIS THR 26
-0.89 -1.17 -0.30  2.00  2.00  2.00  2.00 
HIS ILE 43
-0.75 -0.89 -0.82  1.82  2.00  2.00  2.00 
HIS PRO 1
 2.00  2.00 -1.95  2.00  2.00  2.00  2.00 
HIS MET 22
-1.16 -0.65 -0.65  2.00  2.00  2.00  2.00 
HIS ASP 12
-0.15 -1.25 -0.85  2.00  2.00  2.00  2.00 
HIS ASN 26
-0.99 -1.17 -0.07  2.00  2.00  2.00  2.00 
HIS LEU 81
-0.95 -0.55 -0.88  1.35  2.00  2.00  2.00 
HIS LYS 33
-1.09 -0.85 -0.40  1.55  2.00  2.00  2.00 
HIS GLU 50
-1.08 -0.43 -0.67  1.27  1.27  2.00  2.00 
HIS GLN 24
-0.97  0.54 -1.33  2.00  2.00  2.00  2.00 
HIS ARG 38
-0.61 -1.08 -0.61  1.00  2.00  2.00  2.00 
HIS HIS 28
-1.10 -0.81 -0.22  0.69  2.00  2.00  2.00 
HIS PHE 24
 0.13 -1.07  0.54 -0.97  2.00  2.00  2.00 
HIS TYR 25
-0.34 -1.29 -0.34  0.58  2.00  2.00  2.00 
HIS TRP 11
 2.00 -1.16 -0.24 -0.93  2.00  2.00  2.00 
PHE GLY 57
 0.49 -1.04 -1.24  2.00  2.00  2.00  2.00 
PHE ALA 121
-0.55 -0.58 -1.24  2.00  2.00  2.00  2.00 
PHE SER 63
-1.02 -0.44 -0.94  2.00  2.00  2.00  2.00 
PHE CYS 24
-1.54 -0.56  0.54  2.00  2.00  2.00  2.00 
PHE VAL 116
-1.18 -0.80 -0.33  2.00  2.00  2.00  2.00 
PHE THR 46
-1.45 -0.42  0.09  1.19  2.00  2.00  2.00 
PHE ILE 86
-1.02 -1.08 -0.26  2.00  2.00  2.00  2.00 
PHE PRO 3
 2.00 -1.54  2.00 -0.85  2.00  2.00  2.00 
PHE MET 62
-1.46 -0.71  0.39  2.00  2.00  2.00  2.00 
PHE ASP 45
-0.78 -0.97 -0.70  1.86  2.00  2.00  2.00 
PHE ASN 44
-1.16 -0.73 -0.56  2.00  2.00  2.00  2.00 
PHE LEU 203
-1.21 -0.96  0.00  2.00  2.00  2.00  2.00 
PHE LYS 73
-1.12 -0.79 -0.49  2.00  2.00  2.00  2.00 
PHE GLU 45
-1.03 -1.13  0.25  1.86  1.86  2.00  2.00 
PHE GLN 46
-1.34 -0.68  0.09  1.88  1.88  2.00  2.00 
PHE ARG 62
-0.81 -1.00 -0.46  0.79  2.00  2.00  2.00 
PHE HIS 34
-1.25 -1.13  1.58  1.58  2.00  2.00  2.00 
PHE PHE 71
-0.08 -1.53  0.12  0.93  2.00  2.00  2.00 
PHE TYR 58
-0.66 -1.35  0.51  0.51  2.00  2.00  2.00 
PHE TRP 20
 1.05 -1.59 -0.05  0.36  2.00  2.00  2.00 
TYR GLY 42
-0.15 -0.51 -1.43  2.00  2.00  2.00  2.00 
TYR ALA 121
-0.68  0.02 -1.40  2.00  2.00  2.00  2.00 
TYR SER 42
-1.30 -0.41 -0.61  2.00  2.00  2.00  2.00 
TYR CYS 19
-1.57 -0.10 -0.10  2.00  2.00  2.00  2.00 
TYR VAL 81
-1.24 -0.55 -0.50  1.76  2.00  2.00  2.00 
TYR THR 51
-1.38 -0.65  0.04  1.99  2.00  2.00  2.00 
TYR ILE 69
-0.85 -0.89 -0.76  2.00  2.00  2.00  2.00 
TYR PRO 3
 2.00 -0.85 -1.54  2.00  2.00  2.00  2.00 
TYR MET 46
-1.11 -0.83 -0.31  1.19  2.00  2.00  2.00 
TYR ASP 23
-0.42 -1.01 -0.89  1.19  2.00  2.00  2.00 
TYR ASN 42
-1.50 -0.15 -0.29  2.00  2.00  2.00  2.00 
TYR LEU 146
-1.27 -0.65 -0.43  2.00  2.00  2.00  2.00 
TYR LYS 90
-1.57 -0.22  0.47  1.17  2.00  2.00  2.00 
TYR GLU 61
-1.33 -0.14 -0.47  1.07  2.00  2.00  2.00 
TYR GLN 61
-1.42 -0.23 -0.32  1.47  2.00  2.00  2.00 
TYR ARG 69
-1.04 -0.71 -0.42  0.50  2.00  2.00  2.00 
TYR HIS 34
-1.42 -0.50  0.48  0.48  2.00  2.00  2.00 
TYR PHE 51
-0.41 -1.23  0.38 -0.32  2.00  2.00  2.00 
TYR TYR 42
-0.51 -1.30  0.69 -0.15  2.00  2.00  2.00 
TYR TRP 20
 2.00 -1.15 -0.56 -0.74  2.00  2.00  2.00 
TRP GLY 29
-0.19 -0.37 -1.41  1.42  2.00  2.00  2.00 
TRP ALA 52
-0.30 -0.70 -1.17  0.91  2.00  2.00  2.00 
TRP SER 25
-0.81 -0.52 -1.12  2.00  2.00  2.00  2.00 
TRP CYS 7
-1.10 -0.69 -0.69  2.00  2.00  2.00  2.00 
TRP VAL 40
-1.09 -1.03 -0.05  1.74  2.00  2.00  2.00 
TRP THR 23
-1.21 -0.60 -0.60  2.00  2.00  2.00  2.00 
TRP ILE 31
-0.30 -1.15 -0.81  1.49  2.00  2.00  2.00 
TRP PRO 4
 2.00  2.00 -1.95  2.00  2.00  2.00  2.00 
TRP MET 17
-1.42 -0.21 -0.50  2.00  2.00  2.00  2.00 
TRP ASP 16
 0.83 -1.48 -0.56  0.83  2.00  2.00  2.00 
TRP ASN 21
-1.61 -0.69  2.00  2.00  2.00  2.00  2.00 
TRP LEU 67
-0.92 -1.14 -0.14  1.57  2.00  2.00  2.00 
TRP LYS 26
-1.58 -0.07  0.21  1.31  2.00  2.00  2.00 
TRP GLU 32
-1.12 -0.88  0.13  0.42  2.00  2.00  2.00 
TRP GLN 24
-1.48 -0.38 -0.15  2.00  2.00  2.00  2.00 
TRP ARG 25
-1.03 -0.67 -0.52  0.58  2.00  2.00  2.00 
TRP HIS 14
-1.39  0.00 -0.41  0.69  2.00  2.00  2.00 
TRP PHE 30
-0.34 -1.44  0.36  0.36  2.00  2.00  2.00 
TRP TYR 25
-0.52 -1.12 -0.34  0.17  2.00  2.00  2.00 
TRP TRP 18
 2.00 -1.54  0.25 -0.44  2.00  2.00  2.00 
